420	190	130	140
417	189	137	148
414	190	138	146
417	192	131	148
420	191	130	146
420	191	128	146
420	189	130	148
416	194	135	145
416	195	133	143
418	195	134	141
422	200	126	137
420	201	129	137
426	200	122	138
429	202	119	133
425	201	122	137
422	197	130	145
417	190	134	145
416	191	135	147
417	189	132	148
418	191	135	147
422	191	131	139
424	188	130	145
422	193	131	140
422	189	132	141
420	186	134	147
421	188	134	144
422	190	132	141
423	187	131	146
421	191	130	142
424	189	127	143
427	188	126	143
429	194	121	141
427	195	124	137
426	193	125	138
424	198	124	137
427	195	125	134
428	196	125	132
426	194	128	136
424	187	133	143
420	191	136	142
419	190	137	144
418	184	139	150
419	186	140	147
416	188	141	145
415	188	143	144
417	190	140	142
419	193	134	142
420	191	134	145
422	191	135	140
417	190	136	145
423	196	131	139
429	193	128	142
426	192	130	142
428	195	126	134
424	191	131	139
428	193	127	137
423	194	130	139
429	194	126	138
425	196	129	139
421	194	133	140
424	195	132	138
421	191	136	144
427	191	128	147
423	190	131	151
419	189	136	152
416	194	139	150
414	190	142	153
415	189	143	152
419	192	136	149
423	187	133	149
423	187	131	145
423	186	134	148
423	185	132	148
424	189	131	142
424	192	132	140
422	194	133	141
423	193	134	143
419	193	136	143
424	190	132	143
421	186	135	146
417	190	139	143
421	192	137	138
424	189	131	140
424	192	131	136
421	196	131	137
424	191	133	136
422	185	135	147
421	187	134	150
422	193	132	143
420	193	135	143
416	187	137	149
417	189	138	143
418	191	134	145
419	187	131	145
421	184	132	146
419	188	130	142
422	186	132	143
420	185	132	143
424	185	128	143
425	190	127	141
423	191	128	139
420	189	130	141
418	188	133	143
419	192	134	137
418	197	135	138
420	190	132	141
418	194	135	137
419	189	133	140
425	193	124	137
426	196	125	131
421	202	127	131
421	196	130	140
420	194	134	139
421	189	129	142
418	192	131	142
418	188	131	146
414	190	135	142
416	191	136	141
419	193	131	136
417	196	130	136
426	190	123	137
424	195	126	131
425	191	125	137
422	197	127	134
425	199	125	132
427	195	125	134
429	198	120	130
427	197	123	126
428	196	122	128
430	194	121	128
431	194	119	129
430	193	119	129
430	193	117	128
433	197	116	123
432	196	117	126
429	193	119	127
431	196	119	126
431	196	119	126
430	193	119	130
425	186	129	136
423	182	130	142
427	185	126	139
429	188	123	136
426	188	126	137
426	188	125	136
427	191	126	132
426	186	127	137
425	180	127	142
427	180	123	141
422	184	129	138
428	186	120	137
427	188	127	135
425	185	126	137
430	187	123	136
429	190	122	132
427	193	127	130
429	192	122	132
433	194	118	127
431	195	118	126
432	195	118	126
431	189	121	134
424	180	129	146
417	178	136	148
415	184	138	143
418	182	135	142
419	185	130	141
425	182	124	142
426	184	121	141
427	185	123	139
423	180	129	143
427	185	124	137
422	189	129	136
420	189	129	137
426	186	124	138
422	190	127	135
425	193	126	131
432	191	119	132
431	189	118	133
431	193	117	129
432	190	115	131
433	191	115	130
432	193	117	128
430	194	120	127
428	189	124	133
426	181	127	143
423	180	127	146
425	178	126	147
426	181	123	145
424	182	125	141
424	184	127	139
426	185	123	137
430	182	122	140
430	182	121	141
429	184	122	138
429	185	121	138
431	184	120	137
433	185	118	135
432	185	118	136
431	186	117	133
428	188	122	132
432	199	116	122
433	194	114	125
430	190	121	130
424	194	127	128
426	188	125	138
423	184	129	141
424	183	128	141
422	189	128	137
423	190	125	133
422	190	125	134
427	190	121	134
425	191	122	135
425	190	122	136
426	193	122	133
429	193	120	129
427	190	119	134
430	194	120	128
428	193	119	132
427	197	120	126
426	195	121	125
430	198	120	125
433	201	119	121
436	200	117	119
434	197	115	124
429	194	123	126
426	188	124	132
425	184	123	139
427	189	121	132
427	191	119	133
432	188	119	136
432	191	116	133
433	192	119	131
433	192	117	131
433	188	117	134
432	193	117	128
432	193	121	128
437	187	117	133
435	189	121	130
433	194	121	126
436	192	119	126
438	198	121	121
434	193	120	124
436	198	114	120
437	200	112	120
433	192	121	130
433	193	122	127
434	198	120	127
425	188	123	135
425	189	120	133
428	184	116	136
429	180	120	137
422	191	123	126
425	187	123	133
426	183	124	136
431	182	124	136
431	183	122	138
429	186	122	138
429	191	119	135
433	187	117	131
429	189	118	132
434	191	119	126
435	195	117	121
432	195	119	123
431	195	120	122
429	198	118	118
432	200	115	115
433	203	115	113
435	198	113	115
434	199	115	115
430	193	123	129
423	188	129	130
424	187	126	134
429	185	122	135
430	187	119	131
428	186	120	134
422	189	125	128
425	188	125	128
427	189	124	128
427	191	124	127
427	189	125	127
428	190	124	127
424	189	128	128
423	191	130	128
431	191	123	129
427	192	125	125
428	195	124	124
430	191	124	125
429	194	124	122
433	197	117	119
430	195	116	119
431	205	115	118
431	200	119	117
431	200	117	115
430	201	120	115
427	194	122	124
429	200	122	125
423	198	126	126
423	191	128	127
423	191	125	128
422	191	127	130
424	193	123	123
424	194	124	125
430	195	119	126
427	193	123	126
429	197	123	125
429	195	124	125
429	193	121	123
429	195	121	124
429	195	122	123
429	196	120	121
430	195	117	123
430	195	115	123
429	195	116	122
428	193	118	121
431	199	115	116
432	196	114	115
432	197	115	118
433	199	112	117
432	198	115	117
431	198	114	116
428	196	119	127
425	187	125	131
422	188	129	133
423	192	126	130
425	188	124	130
425	192	123	129
427	195	120	126
429	196	121	125
427	193	122	125
428	194	121	126
427	194	122	123
425	196	123	123
425	195	120	124
428	197	117	122
428	197	115	120
428	201	117	119
429	199	117	119
430	197	116	120
432	195	115	120
431	194	117	120
433	196	115	117
433	197	117	118
433	201	118	116
433	195	117	120
429	197	122	120
427	193	124	123
427	190	123	129
423	192	125	122
424	191	127	127
427	195	123	124
430	193	117	125
433	197	117	126
432	194	118	126
432	193	120	126
430	193	121	125
430	192	121	123
431	192	118	125
429	193	118	124
431	195	116	120
432	195	115	122
435	194	112	119
434	194	112	117
434	197	113	116
434	195	114	115
436	196	113	115
434	196	115	115
432	193	117	122
431	192	120	123
427	191	123	126
423	193	126	123
424	191	126	125
424	191	125	124
424	191	126	125
425	190	124	125
425	191	124	127
428	194	120	121
431	192	118	124
431	194	118	125
431	190	118	126
431	192	118	124
430	193	117	122
430	198	114	115
431	197	114	113
429	190	114	118
433	196	113	115
431	197	114	113
432	196	113	114
430	196	114	115
428	195	115	116
431	193	114	118
430	188	119	124
427	190	121	126
426	188	123	128
424	191	121	124
425	190	124	127
424	192	120	126
423	190	121	123
427	191	116	124
428	189	117	125
429	186	118	128
425	191	120	127
425	189	121	129
426	192	119	123
428	191	115	123
427	190	116	121
427	190	117	122
427	192	117	121
427	193	117	119
426	192	116	119
424	194	117	118
432	198	112	111
427	194	115	115
429	195	114	115
431	191	114	120
427	184	117	128
422	187	122	125
421	186	124	127
422	183	123	127
423	186	120	129
419	187	122	129
423	190	121	122
424	190	118	120
427	189	116	122
426	187	118	124
423	188	119	122
425	190	116	120
423	184	119	125
425	188	117	123
426	189	116	122
421	178	123	130
426	187	117	126
429	192	113	120
424	196	113	116
426	196	111	114
427	188	114	122
429	199	113	115
429	193	113	115
428	196	114	115
427	194	113	116
425	183	115	126
418	184	122	128
417	184	125	131
419	184	121	131
423	188	118	127
424	193	117	121
423	194	116	123
422	190	118	126
425	191	118	123
423	194	121	120
423	195	122	116
424	194	118	121
421	196	119	119
425	197	118	116
424	193	119	120
425	200	115	112
426	200	116	115
427	199	114	112
429	197	115	114
428	204	114	112
428	193	114	117
428	194	114	116
426	185	115	126
422	185	120	128
420	183	120	129
422	184	118	128
422	189	117	125
421	187	117	123
418	188	120	123
422	188	116	123
424	190	116	122
419	190	118	120
420	189	118	121
420	192	120	119
424	192	119	118
425	189	114	120
425	188	114	118
425	194	112	116
425	188	115	121
425	191	116	118
425	192	116	118
425	189	116	120
423	193	115	118
427	195	113	115
425	187	117	121
423	183	122	125
421	184	118	126
420	186	122	124
422	185	120	125
424	188	116	123
422	186	118	123
425	184	116	127
424	184	117	127
425	185	117	124
425	186	117	122
424	187	118	120
424	187	118	121
422	187	118	122
423	186	116	121
421	186	117	121
420	186	117	122
422	188	114	119
426	194	111	114
426	197	111	112
427	197	109	112
428	196	107	111
428	196	109	113
426	186	115	121
423	184	117	124
421	182	118	127
423	182	116	126
421	182	118	128
423	186	116	127
419	186	119	125
423	187	116	124
421	188	117	121
423	189	117	120
423	189	118	120
425	188	116	120
423	185	116	123
421	180	119	126
424	188	117	121
423	188	116	119
422	189	117	118
422	187	119	122
424	188	117	118
422	190	116	118
424	189	113	116
424	192	111	113
426	193	111	115
427	194	110	114
418	184	121	123
424	185	118	124
422	184	119	126
420	181	120	125
418	182	122	125
421	181	120	125
418	183	122	125
423	181	120	126
424	185	118	123
420	184	118	121
421	186	119	123
422	183	119	125
420	182	119	124
421	186	121	123
420	188	119	124
422	182	119	126
421	187	118	121
422	192	118	118
423	184	115	122
420	187	117	118
421	188	119	118
419	188	120	119
421	187	120	118
420	188	121	119
425	190	115	116
424	190	112	117
424	192	111	114
421	184	119	121
419	180	119	125
419	180	120	126
418	179	121	126
420	185	120	123
420	183	120	124
421	184	119	124
421	183	121	124
420	185	122	122
419	184	119	122
417	182	123	124
419	184	121	122
420	186	122	120
418	186	117	120
419	187	114	119
421	187	114	117
419	188	116	117
420	189	116	116
420	189	116	116
421	191	116	115
422	189	122	118
422	190	121	116
421	187	122	118
419	188	120	119
419	184	119	122
416	183	124	124
419	180	128	126
412	183	124	125
415	185	126	121
414	186	124	119
417	188	126	118
415	189	122	120
416	187	126	121
419	183	128	124
415	188	121	121
416	190	126	117
417	188	120	118
416	189	121	117
419	187	123	118
419	189	120	116
422	194	119	114
420	188	118	114
421	190	119	113
420	189	119	115
421	187	122	117
420	187	123	116
421	186	128	120
419	184	123	126
418	180	121	126
414	180	128	125
413	181	130	123
416	181	129	122
417	182	127	120
421	185	125	118
420	184	125	119
422	184	123	119
421	183	128	120
419	183	128	122
418	187	122	118
421	184	127	119
422	184	121	120
420	183	125	121
420	185	128	119
422	185	123	118
423	185	125	117
423	185	122	117
419	181	128	122
421	182	123	122
416	178	127	126
414	178	132	129
416	180	131	127
413	177	131	127
417	182	123	123
417	181	128	126
415	182	124	122
414	179	131	128
415	181	125	122
417	181	133	123
415	182	126	122
415	181	132	124
417	184	124	121
416	185	125	120
417	188	121	118
418	188	125	117
416	186	127	117
417	188	119	116
417	186	120	116
418	188	120	116
418	189	116	113
421	186	122	117
418	188	125	117
419	187	124	115
417	185	123	120
413	181	125	122
413	181	126	122
414	180	125	122
413	180	128	123
415	183	122	122
415	181	125	126
414	183	122	122
415	184	124	121
414	184	125	121
414	186	125	120
414	186	126	120
416	184	126	121
415	185	126	122
414	187	125	119
414	185	128	119
415	186	131	133
412	184	122	123
413	187	128	119
412	188	126	119
413	187	125	119
412	188	126	118
412	186	125	121
414	187	126	118
409	182	125	124
409	181	129	125
409	178	129	126
407	181	133	125
407	181	130	125
409	181	130	125
411	183	127	122
413	183	143	159
413	183	140	161
412	184	137	160
412	184	134	145
411	183	127	121
414	186	126	116
414	187	136	153
413	187	127	118
415	187	130	126
414	191	128	114
415	187	136	154
411	182	130	122
413	186	132	118
412	183	140	155
414	178	138	160
409	178	141	161
408	174	140	163
410	173	140	164
411	176	141	162
410	180	140	158
413	177	136	158
412	181	132	145
413	183	134	144
410	178	131	135
414	178	137	157
410	183	129	118
416	185	129	128
416	179	136	156
413	182	137	153
412	182	132	142
416	183	135	153
417	182	133	151
415	184	135	153
416	185	134	154
417	185	134	153
418	184	135	153
419	181	136	154
418	180	137	158
413	179	131	128
415	175	136	150
411	174	135	151
411	180	128	126
410	175	129	129
414	176	137	163
415	180	138	157
413	174	136	161
416	180	135	161
414	182	137	158
412	179	138	159
412	184	130	131
413	183	125	122
415	184	132	143
415	183	135	154
418	184	136	155
417	184	137	153
415	183	137	155
416	182	136	157
415	181	135	158
416	181	133	159
415	182	132	157
408	174	139	164
410	175	141	166
410	171	140	166
411	174	138	163
408	173	138	163
409	177	138	162
409	173	137	161
411	176	136	159
410	177	136	157
412	178	137	155
413	179	135	153
412	181	136	152
415	179	136	154
413	180	135	155
412	179	135	155
411	178	139	154
412	179	136	154
408	181	130	124
411	180	124	122
411	185	128	137
409	184	125	121
413	188	123	113
411	185	123	116
410	182	121	120
413	183	123	120
410	179	125	123
410	180	125	123
408	176	128	125
406	182	127	123
407	177	128	126
411	180	120	125
411	179	123	126
411	178	127	125
408	175	127	126
409	180	125	124
412	183	120	121
413	181	119	120
412	183	119	118
410	181	122	121
410	194	121	112
406	182	124	117
404	178	132	124
405	183	132	122
406	186	126	118
411	189	122	115
412	181	122	120
409	179	124	122
410	177	127	125
407	176	135	124
409	179	123	125
407	176	128	128
406	178	134	128
406	179	128	128
405	175	130	130
409	178	126	125
408	174	128	131
406	174	128	128
412	172	128	127
412	173	127	126
410	173	129	126
414	177	123	123
412	175	125	122
414	182	126	117
413	177	127	118
412	178	129	120
413	178	129	119
415	181	126	116
416	178	126	120
418	182	122	114
419	178	124	119
419	175	129	122
412	174	133	127
417	175	130	124
410	173	136	125
412	173	136	125
412	178	133	123
412	174	130	122
409	174	137	126
412	177	134	122
415	170	133	129
413	174	130	129
414	174	129	126
415	172	131	129
414	174	131	128
413	175	128	123
411	177	128	123
411	176	127	124
413	175	126	123
414	177	128	122
415	178	127	121
414	177	127	119
415	182	117	112
413	184	122	111
415	180	124	116
416	180	124	117
410	174	132	122
406	170	137	128
409	169	138	131
410	174	134	131
409	174	134	131
409	170	136	131
412	176	131	130
412	176	128	125
416	177	128	122
416	177	128	124
413	179	129	122
413	177	128	125
411	176	127	125
413	178	127	122
414	179	127	120
413	182	122	115
416	177	126	117
415	177	128	118
416	180	122	115
416	180	125	115
415	178	127	118
415	181	124	118
415	182	125	117
415	179	127	119
411	179	127	117
407	176	133	123
408	171	134	128
408	177	127	123
408	176	137	125
412	179	126	123
409	178	125	120
411	179	123	120
412	179	123	120
412	179	126	120
411	181	125	121
410	179	124	119
413	180	128	118
412	181	126	117
411	180	126	116
412	181	125	115
413	179	127	117
410	178	128	119
414	180	122	116
411	182	123	113
411	183	124	111
411	184	122	110
415	178	125	117
411	180	128	119
406	176	132	123
405	171	134	127
413	177	125	124
404	173	130	126
408	174	128	124
412	179	123	121
410	175	135	122
415	180	127	118
415	181	121	115
416	180	126	114
416	179	128	114
414	180	126	112
415	177	130	114
415	181	123	111
414	179	130	113
415	181	124	112
417	180	129	113
415	181	124	113
418	180	125	114
416	182	127	110
417	179	130	112
416	167	135	122
414	170	134	124
413	175	129	120
413	173	133	119
414	172	132	121
416	175	126	121
417	175	119	118
417	173	127	119
417	175	118	118
416	174	132	118
415	176	129	117
416	176	126	117
417	178	127	115
416	179	127	112
415	178	132	113
416	178	129	114
419	182	119	108
419	181	125	109
420	182	127	110
420	177	126	113
417	179	124	113
415	177	129	116
412	170	132	124
411	168	132	128
411	171	140	125
413	174	134	123
414	172	132	123
414	174	128	123
411	171	137	124
413	176	136	120
414	179	133	118
412	176	139	121
414	176	136	120
414	176	137	120
417	180	125	116
413	176	137	117
414	175	135	121
413	179	132	117
414	174	137	121
414	181	131	113
415	179	131	113
416	181	127	111
417	181	128	111
416	180	130	110
416	179	130	113
416	180	135	113
407	172	144	122
408	172	144	121
411	170	140	126
408	171	142	125
410	171	138	123
413	169	138	124
413	175	133	121
411	174	139	121
412	176	136	119
411	173	139	122
415	176	135	120
409	176	132	119
410	174	137	122
411	177	136	117
409	174	137	120
411	180	133	115
412	177	134	116
412	181	134	112
412	180	131	113
413	180	131	112
414	177	132	115
413	182	121	109
413	178	115	111
413	173	130	120
408	176	135	119
407	172	144	125
408	174	131	122
405	176	130	120
407	177	125	119
409	174	135	120
409	176	136	119
409	175	134	120
411	174	139	121
412	176	137	120
413	179	129	116
412	175	129	118
413	173	137	121
413	178	128	114
415	179	130	114
414	177	134	115
416	182	117	109
415	182	111	106
417	182	110	107
418	179	111	111
418	175	122	115
414	181	119	110
413	181	115	109
413	177	116	113
412	176	115	115
412	176	116	116
412	177	114	113
412	177	115	112
411	179	115	111
413	180	115	112
415	180	115	111
414	179	117	111
413	183	117	108
415	179	113	110
416	180	117	111
414	184	114	108
417	175	123	114
416	181	118	110
417	178	128	112
417	183	112	107
417	185	106	103
414	187	108	103
416	184	108	104
415	182	110	106
415	180	110	108
415	178	114	112
415	178	117	115
413	173	117	116
412	167	130	122
413	177	123	116
412	177	123	117
410	177	123	116
412	178	126	116
411	180	124	114
412	177	122	114
413	175	125	117
413	179	122	113
414	178	125	114
415	177	115	116
415	175	123	117
415	177	121	117
414	181	113	112
414	177	114	112
415	181	109	108
415	184	109	106
415	183	109	106
420	183	107	107
421	177	117	112
416	182	110	108
417	180	109	110
416	178	113	115
412	174	114	117
413	175	115	119
412	175	120	118
413	173	125	119
411	177	124	117
413	175	132	121
409	174	133	121
410	177	134	118
410	176	133	118
413	174	141	120
413	175	136	119
411	183	127	114
414	182	111	112
417	184	108	110
420	184	106	109
418	179	113	113
417	183	106	109
419	184	113	111
422	182	115	112
417	189	111	106
422	186	111	108
418	188	106	105
419	188	113	110
414	179	120	116
414	179	127	117
410	185	130	112
410	184	127	114
411	183	124	115
416	182	128	114
419	180	134	115
419	183	137	115
422	180	131	118
418	181	132	115
420	179	132	118
422	180	125	116
422	183	121	110
424	176	134	117
424	183	119	109
429	178	125	113
426	184	114	109
431	179	126	110
430	184	109	107
432	184	108	104
435	180	130	107
425	180	115	110
427	177	120	115
425	170	142	120
425	172	145	117
426	175	144	117
421	178	121	114
427	173	140	117
424	174	129	117
425	178	128	114
425	177	123	115
424	176	124	116
427	181	118	112
430	180	114	112
431	178	132	111
429	178	134	112
432	183	133	109
432	181	121	111
434	186	108	106
434	180	128	108
432	181	131	107
430	184	133	107
429	183	129	107
427	182	114	111
427	179	115	113
426	172	120	119
426	178	114	115
424	176	119	117
422	178	118	113
424	171	132	120
428	175	139	116
424	172	143	117
423	175	139	115
426	174	138	116
426	175	134	116
423	179	137	112
425	179	127	111
426	186	110	106
431	177	122	114
426	180	135	111
426	182	132	110
428	181	132	109
428	179	136	111
426	179	139	112
428	178	138	113
429	179	137	114
429	180	135	115
430	180	132	113
425	181	139	115
429	177	137	118
429	183	133	113
431	182	129	114
430	181	129	113
427	182	130	113
427	181	133	115
429	181	134	114
430	180	133	116
429	181	135	114
431	181	134	114
434	181	129	115
434	181	133	112
435	181	130	113
433	183	129	109
435	182	128	110
432	181	127	111
432	181	130	109
431	179	134	112
434	176	135	115
432	168	139	122
432	169	141	120
432	175	141	119
432	174	137	118
431	175	133	114
434	174	133	117
432	175	135	116
432	178	135	114
432	176	134	115
431	173	136	118
429	174	137	118
432	177	133	114
432	179	134	113
426	181	126	108
430	177	133	111
430	179	126	111
430	181	131	111
433	183	130	108
437	185	127	106
437	182	122	110
437	178	116	112
435	174	135	118
435	173	138	117
434	173	138	118
433	173	139	121
433	171	136	121
429	171	140	119
430	174	137	119
428	172	138	117
431	174	134	115
431	177	133	115
428	176	136	115
432	174	132	116
430	179	133	114
430	179	129	112
430	179	128	112
428	179	124	110
430	182	119	108
431	182	118	109
429	183	120	109
428	185	118	108
430	182	120	108
429	182	114	110
430	178	116	113
430	177	124	114
425	179	117	112
427	174	131	116
423	176	134	114
419	181	123	113
424	179	126	114
422	179	123	111
426	183	121	109
425	182	119	109
429	184	120	108
425	184	117	109
429	184	116	109
424	184	117	109
430	186	115	108
424	184	113	109
428	186	122	107
424	184	125	107
427	185	122	106
429	186	119	104
429	187	119	107
427	187	116	104
425	182	115	110
426	179	123	115
423	178	125	114
423	176	124	116
423	177	126	115
422	177	125	114
422	178	123	113
425	179	120	113
426	179	122	111
428	180	120	110
430	179	122	111
428	179	119	111
428	179	125	111
425	179	126	110
427	178	124	111
427	180	121	109
432	178	125	107
428	182	120	107
432	180	121	107
432	180	121	109
433	181	119	107
432	179	125	110
431	179	121	108
434	175	125	112
422	172	129	116
423	172	126	117
426	168	133	117
420	175	133	118
423	173	133	118
425	178	126	113
426	173	126	116
424	175	128	115
421	177	125	114
424	175	125	115
423	179	128	113
423	178	131	115
420	181	127	110
422	177	128	113
426	183	121	108
428	183	123	107
429	182	120	109
430	181	122	107
432	182	120	106
432	179	122	109
428	183	118	105
431	182	118	105
422	176	125	115
424	174	126	115
424	175	126	115
422	173	126	116
421	173	129	117
417	179	128	112
420	175	126	116
423	176	125	116
423	177	123	115
428	177	117	115
427	177	118	114
426	180	117	111
426	179	119	114
427	184	118	108
427	186	115	107
428	183	114	108
427	185	115	106
427	184	113	106
428	185	112	103
429	188	109	101
425	188	109	101
427	187	109	104
421	181	114	110
426	178	116	114
418	177	118	114
420	179	117	113
421	179	118	113
423	178	121	114
420	183	119	110
424	182	121	110
421	183	120	109
423	183	122	109
424	181	119	109
427	180	118	111
426	183	118	109
425	183	116	108
426	184	113	106
430	185	113	106
430	184	113	106
431	182	116	106
430	184	116	104
432	183	114	106
433	185	113	103
434	185	111	103
432	182	112	106
430	181	116	109
429	176	117	114
428	173	119	116
426	177	122	113
428	178	119	113
426	175	121	114
426	179	122	112
427	179	121	111
426	175	122	114
428	174	118	113
427	178	118	112
428	179	119	110
425	177	119	111
428	179	116	110
428	181	118	109
429	181	116	108
430	183	115	107
431	180	115	108
431	180	114	109
431	180	114	110
433	185	113	103
433	184	112	102
431	185	113	102
434	184	111	103
432	180	113	104
433	182	115	106
422	174	124	116
423	168	124	118
422	172	122	116
421	169	121	118
422	166	122	122
427	175	119	115
429	178	117	111
425	171	118	119
426	173	119	115
429	180	115	109
426	175	117	116
428	181	114	108
426	174	115	113
427	181	117	109
428	178	115	112
428	177	116	111
427	181	116	107
433	178	112	110
432	179	112	109
432	180	111	109
431	183	112	105
431	182	111	106
431	180	113	107
430	176	116	112
421	170	124	120
421	176	125	113
420	174	124	116
419	173	123	117
420	175	124	114
422	175	121	116
424	177	119	113
426	180	116	112
424	178	117	113
427	180	115	112
422	180	119	111
425	181	114	109
426	179	115	112
424	181	115	110
424	180	114	110
426	182	113	107
427	183	112	107
427	183	110	108
427	185	111	106
425	185	112	105
426	183	116	108
427	182	114	108
423	176	117	116
422	176	118	115
418	176	122	116
419	176	124	117
421	180	124	112
420	178	123	115
420	178	123	112
423	181	119	110
423	182	119	108
425	182	119	109
425	182	119	109
424	183	119	107
423	183	119	108
424	183	118	108
425	182	119	110
424	185	119	107
427	188	114	104
431	186	111	105
429	183	112	108
428	182	113	108
429	175	113	116
418	169	124	121
421	178	126	112
422	176	123	114
421	176	124	115
420	175	124	115
422	174	123	118
415	177	128	114
419	180	125	111
421	177	122	113
423	179	122	111
422	180	122	111
424	179	121	110
423	179	120	110
423	178	120	110
423	179	120	108
426	181	118	108
425	180	119	107
428	182	117	105
430	184	116	104
431	183	116	103
433	183	114	104
434	182	113	103
433	181	114	105
427	182	118	105
427	177	120	111
423	170	127	121
420	173	129	118
420	176	130	115
419	173	130	117
418	176	129	115
423	180	125	110
423	178	125	111
423	177	125	112
422	175	124	113
426	177	121	113
427	180	120	110
422	179	122	110
424	182	122	108
426	180	121	108
426	179	121	108
426	179	121	108
428	177	119	111
427	175	120	112
424	177	119	111
428	179	115	109
428	175	115	111
428	179	117	108
426	177	119	111
427	176	122	112
423	172	124	116
419	167	126	122
422	173	127	121
420	172	128	119
422	172	128	119
423	172	129	119
426	177	125	114
425	173	123	115
425	173	122	117
424	177	122	115
421	176	123	114
422	177	123	113
418	175	123	114
419	180	127	111
419	181	125	111
416	179	125	112
415	181	123	112
421	181	120	109
423	184	116	104
424	185	115	104
427	184	114	104
428	184	113	104
424	178	117	109
423	172	121	121
420	170	124	118
419	171	126	120
420	174	126	115
421	171	124	118
417	172	129	118
419	170	133	119
416	170	132	120
418	173	128	119
417	173	129	118
415	172	129	120
414	173	129	120
416	174	129	118
416	177	127	115
419	181	122	111
420	180	120	111
420	182	120	109
420	182	120	108
423	181	119	109
425	175	118	113
423	181	117	109
426	173	118	114
422	169	122	118
421	177	121	113
418	173	125	115
420	171	125	119
418	172	128	117
418	173	126	118
419	176	129	115
425	170	127	118
420	176	132	114
421	178	128	113
425	168	125	118
423	171	127	116
422	173	125	115
421	177	123	112
422	171	125	117
422	171	123	113
420	171	123	114
421	173	122	113
423	173	121	113
422	176	118	112
424	181	118	107
422	175	119	112
425	179	118	109
426	172	118	115
425	167	123	120
426	167	128	121
423	170	129	119
422	170	130	119
425	169	128	119
425	168	130	120
425	167	128	120
423	175	125	115
425	172	124	115
425	174	123	115
421	174	126	116
426	171	126	115
424	172	125	117
424	178	125	111
420	176	125	112
420	178	125	112
425	180	119	110
420	176	124	114
421	183	126	108
412	176	128	114
420	183	125	108
414	184	123	107
423	180	122	108
420	170	125	118
424	172	124	117
423	168	125	119
423	173	127	118
423	170	129	118
423	169	132	119
421	175	124	115
424	172	123	116
423	172	123	117
423	173	124	116
421	172	125	114
422	171	124	115
424	177	122	111
427	172	122	116
424	181	122	108
425	172	125	114
421	182	125	108
428	185	116	105
428	179	118	107
428	175	116	112
427	173	115	113
424	173	118	114
425	170	125	118
420	177	126	113
419	171	127	117
416	169	128	119
421	167	129	119
419	173	129	117
417	174	129	116
418	176	129	114
421	177	128	113
425	171	126	114
426	171	125	114
426	173	122	113
426	168	122	119
420	179	123	112
426	170	120	117
427	177	119	111
416	178	125	108
425	180	120	108
415	182	124	108
421	178	122	109
421	177	123	110
424	173	120	115
425	173	119	116
423	172	124	118
422	167	132	121
420	173	133	119
419	169	131	119
420	172	132	117
422	173	129	117
424	176	124	113
425	174	123	114
425	175	125	114
428	175	123	113
428	174	122	111
427	177	122	110
431	174	122	113
424	172	127	115
424	177	127	110
427	174	125	112
427	177	122	106
422	177	123	108
426	177	121	106
430	181	117	104
430	180	118	105
430	178	120	106
428	175	125	110
425	171	129	114
427	167	132	115
422	173	132	112
427	168	130	117
421	173	133	113
422	173	131	113
425	173	129	112
428	170	127	116
427	175	129	112
428	174	127	113
428	173	127	113
432	172	126	114
428	178	126	108
431	177	123	107
433	176	121	108
433	176	122	108
433	175	121	110
433	177	120	107
435	180	119	107
435	171	120	111
433	181	119	105
433	172	122	111
429	180	122	107
426	175	125	111
430	170	122	116
426	172	127	112
427	166	132	118
423	176	126	115
428	169	129	117
425	177	127	113
426	176	127	113
426	178	127	111
427	178	124	112
427	178	123	112
427	180	122	111
426	181	123	108
424	182	126	109
428	184	121	108
427	182	119	107
428	181	119	108
430	182	117	107
428	182	119	106
428	181	121	107
426	176	123	111
429	185	118	107
427	182	118	108
426	177	123	114
423	179	126	114
422	176	127	116
427	173	128	114
429	173	124	115
429	177	124	113
436	177	125	112
436	180	124	110
441	180	125	109
450	181	123	109
466	181	124	107
474	182	124	105
475	181	122	106
475	182	121	106
480	181	121	106
481	180	118	107
480	180	114	105
480	177	117	106
479	180	114	105
476	179	115	105
473	180	109	105
468	178	112	107
463	173	120	111
455	173	128	115
451	173	129	115
449	173	133	118
444	176	137	114
447	171	141	117
446	172	127	114
448	176	122	111
451	174	126	113
450	174	127	115
447	179	120	109
449	178	123	110
446	181	121	109
446	181	117	109
451	180	115	111
452	179	115	109
451	182	114	107
449	186	117	103
451	182	116	109
445	179	123	115
441	176	127	116
444	175	126	115
444	176	126	115
442	176	127	117
440	177	128	116
439	180	127	114
439	181	125	111
441	182	125	111
441	181	122	112
440	180	121	112
442	181	120	109
444	182	118	110
444	181	119	111
443	181	120	111
441	182	121	110
443	184	118	107
445	184	116	108
444	184	116	108
443	185	117	108
443	179	119	112
441	175	124	117
436	177	125	116
439	176	124	116
437	176	127	116
440	178	124	115
435	176	126	116
440	181	122	112
439	181	124	111
439	180	124	112
439	182	123	111
441	179	122	111
443	184	120	108
442	183	118	108
444	183	118	108
442	183	118	108
444	183	114	106
447	184	114	106
449	184	113	105
448	185	113	103
446	181	114	106
441	177	122	115
437	174	126	112
436	173	127	113
435	175	128	113
433	175	128	113
434	175	128	113
434	178	127	113
438	176	124	114
437	178	124	113
440	178	124	112
438	176	125	113
440	178	123	112
439	178	122	111
442	180	120	110
442	179	119	111
443	181	117	107
445	183	117	106
447	183	116	106
445	182	115	109
445	178	116	108
441	183	115	107
440	184	118	106
442	181	117	108
438	175	122	114
433	173	128	115
432	175	128	114
428	173	131	114
432	177	127	113
428	174	126	113
427	175	126	114
432	179	124	111
434	176	120	110
434	179	120	110
434	182	119	109
435	182	120	110
434	182	120	110
435	182	119	109
431	182	123	109
433	185	117	106
435	185	118	106
435	184	116	107
435	185	117	106
437	185	114	107
436	183	115	107
438	183	113	108
436	184	114	108
435	183	115	109
436	179	118	114
429	178	122	115
429	178	123	115
430	179	124	114
431	181	124	112
432	180	122	112
431	180	121	113
430	179	121	113
429	180	121	112
428	180	125	112
431	182	123	110
432	178	122	113
433	181	122	111
437	180	119	112
439	181	116	111
438	181	118	109
438	181	118	109
438	181	119	109
437	182	119	107
437	182	120	107
437	174	122	115
433	175	125	117
432	176	126	114
433	176	127	114
431	176	127	114
432	176	124	114
432	174	125	115
433	178	125	111
435	176	123	112
437	178	122	111
438	177	122	112
439	180	121	109
438	182	121	109
436	178	121	111
437	178	119	112
439	179	117	110
438	178	119	111
438	179	119	110
441	182	117	106
438	179	118	108
438	179	121	110
439	178	121	112
435	175	124	114
435	173	124	115
434	173	125	115
434	174	126	114
432	174	126	115
432	177	127	113
433	177	125	112
437	179	124	112
437	179	124	111
438	178	123	111
437	179	123	110
438	178	120	111
437	177	118	113
437	179	118	110
438	180	120	109
439	180	120	108
440	179	119	108
439	180	121	107
439	181	119	106
441	185	118	105
442	183	118	106
444	177	116	111
441	173	121	115
437	173	125	115
433	172	128	117
434	176	125	114
434	174	128	114
439	177	123	113
437	174	124	115
436	177	121	113
440	177	121	113
437	178	125	111
436	177	125	111
435	177	125	111
434	176	126	112
436	179	122	110
434	177	124	111
435	180	121	108
436	180	120	110
435	180	121	108
438	181	117	107
439	180	118	109
440	182	116	107
439	183	116	107
441	183	116	106
441	183	113	105
440	182	114	105
438	179	117	109
435	176	118	113
432	178	123	114
430	178	120	111
433	178	121	112
433	177	119	113
431	179	122	111
432	179	120	111
431	179	122	112
431	181	122	109
433	181	120	109
433	182	121	108
434	181	120	109
435	182	118	107
437	182	117	108
438	181	115	106
439	183	116	106
437	184	117	106
439	183	116	107
436	180	120	111
434	178	120	111
431	176	125	113
429	174	130	115
430	175	130	114
429	176	130	113
430	175	126	113
431	175	127	113
432	176	127	112
434	176	126	111
436	176	123	111
438	174	123	113
439	175	123	111
436	175	123	110
435	175	124	109
438	176	121	109
439	178	119	108
440	178	120	106
441	179	120	106
440	178	121	106
439	178	120	106
440	179	120	106
439	174	123	111
437	172	124	114
436	173	126	113
433	171	128	116
434	172	126	115
434	173	129	115
436	173	127	114
433	174	130	114
436	175	127	113
439	174	125	113
440	172	124	114
439	173	124	112
441	172	124	117
440	176	123	113
440	174	123	115
438	176	123	111
440	174	120	114
442	174	120	113
440	176	121	111
439	175	122	111
441	177	119	110
443	180	117	109
445	179	115	107
441	178	121	108
438	175	123	114
437	169	127	118
432	172	131	116
432	172	129	116
433	173	128	116
435	173	126	113
438	173	126	115
435	175	127	112
439	173	126	112
438	171	126	114
439	174	124	111
439	174	125	113
438	176	124	111
440	176	123	112
438	177	123	110
440	177	120	110
437	177	122	110
439	179	119	108
441	179	119	108
441	180	118	107
440	180	121	107
438	179	120	108
440	178	118	108
438	177	120	112
438	173	117	116
437	173	122	115
434	171	127	119
437	177	122	113
436	178	122	111
437	177	120	112
437	178	120	111
438	177	119	112
436	176	121	113
436	178	120	113
437	178	118	113
435	179	118	110
435	180	119	109
436	182	119	108
437	182	119	108
438	183	117	107
439	182	117	106
440	184	116	106
439	184	115	106
439	182	114	106
435	179	116	108
435	174	118	113
430	174	125	116
431	174	124	116
431	173	122	116
432	174	122	113
434	174	122	113
435	174	121	113
435	173	122	113
433	174	124	111
432	174	123	112
432	175	124	111
436	175	120	111
436	176	120	110
439	176	117	108
439	180	116	105
439	176	113	105
438	179	114	104
439	179	116	103
439	176	117	105
438	176	118	109
436	172	123	112
433	170	123	116
432	171	126	116
435	172	123	113
436	173	120	115
438	172	122	114
438	174	122	113
439	173	123	114
438	173	122	114
439	174	123	114
439	174	123	114
440	175	119	112
441	176	117	111
439	177	121	109
440	176	118	110
444	177	115	109
443	178	116	109
443	178	116	108
442	179	116	109
441	179	115	108
442	178	114	110
441	176	118	108
440	171	121	116
437	171	124	117
439	171	123	117
438	173	121	116
436	172	127	115
436	174	122	113
440	174	120	114
440	175	121	114
440	175	121	114
439	175	124	113
439	174	124	115
440	175	120	113
438	175	121	113
437	176	121	113
436	177	122	112
438	178	118	110
440	177	116	111
439	179	117	109
439	181	117	108
441	180	115	108
441	181	113	108
441	179	113	107
441	177	117	111
437	177	121	114
435	174	125	116
433	174	124	117
433	175	124	115
433	174	125	115
433	178	125	112
436	177	123	112
436	179	119	111
436	179	120	111
435	179	122	112
436	179	124	113
436	179	124	111
437	180	122	112
435	180	121	110
437	181	121	109
437	183	121	108
437	183	122	109
438	183	120	108
437	183	122	107
437	182	121	108
438	183	120	106
436	180	124	108
436	177	125	111
432	173	129	116
429	173	131	116
431	173	132	116
432	175	130	114
429	175	126	109
432	177	126	109
433	177	127	109
436	176	127	109
437	174	127	111
433	174	130	110
434	175	127	110
435	175	127	109
437	175	127	110
437	175	127	110
439	177	123	107
442	178	118	106
441	176	121	104
441	178	120	104
442	176	119	103
442	177	121	104
439	171	124	110
438	169	128	114
436	170	129	115
436	170	132	118
436	173	133	118
436	173	130	116
436	172	130	115
437	174	131	112
437	172	132	114
439	176	128	111
438	175	126	114
441	176	126	113
439	175	125	112
436	175	128	109
437	175	126	108
440	176	128	110
440	176	122	111
442	175	122	111
442	175	122	110
442	178	122	109
445	177	120	109
443	178	119	110
443	179	119	110
443	179	119	110
442	173	122	114
438	172	126	116
437	169	127	119
434	171	130	116
435	173	129	115
436	171	128	115
438	174	126	114
434	173	128	114
438	176	124	111
440	175	123	111
441	176	123	112
441	176	122	111
442	175	121	110
442	175	123	111
441	175	124	111
440	177	125	109
441	176	123	111
441	178	124	106
441	178	120	108
441	178	119	109
442	179	118	108
440	178	121	105
441	179	121	105
441	179	120	104
441	179	120	104
441	179	121	107
436	175	123	110
439	174	124	114
435	173	127	114
436	172	126	116
438	175	126	113
438	176	125	111
439	175	127	112
439	176	125	113
437	174	127	114
438	176	125	114
436	177	127	108
438	177	127	109
438	178	126	109
438	178	125	109
437	180	125	110
438	180	126	109
438	181	125	109
440	180	122	107
441	180	119	107
443	181	116	108
443	180	116	109
441	180	119	108
439	178	121	110
439	177	122	112
436	174	130	115
434	175	126	114
434	173	128	115
434	174	125	115
437	174	128	113
439	174	125	112
435	174	129	110
435	179	126	109
437	177	123	112
436	177	122	113
434	177	125	112
434	180	125	110
435	180	123	108
435	180	123	107
438	180	122	108
439	179	120	107
440	182	120	107
439	182	121	106
440	182	119	106
441	178	121	107
438	172	124	110
438	176	125	110
435	173	129	113
433	171	129	113
434	172	127	113
434	172	125	112
436	173	125	115
439	173	124	112
438	175	129	111
442	175	122	111
441	176	124	111
437	176	129	110
436	174	131	110
437	176	126	110
437	176	131	110
440	175	128	110
438	177	128	110
441	178	124	107
442	178	124	108
442	180	123	105
444	177	120	105
443	179	122	104
445	180	119	103
443	172	124	113
441	173	124	111
440	173	127	111
439	170	127	114
438	172	130	115
440	170	127	115
442	172	124	114
441	173	125	112
442	174	122	111
445	176	122	111
446	177	120	110
445	176	123	111
443	176	122	110
443	176	124	110
442	177	126	111
443	175	124	111
441	175	129	111
443	175	124	110
442	176	126	111
441	174	128	110
444	178	123	109
441	178	128	107
444	177	122	107
443	179	124	107
444	179	123	107
445	178	123	107
446	175	123	109
440	173	127	113
442	175	127	112
442	174	126	112
442	174	126	112
440	175	127	110
444	175	123	112
443	176	123	111
442	175	122	110
441	177	124	109
440	175	125	109
440	176	125	109
442	177	125	109
440	176	126	108
440	177	124	108
440	179	122	110
441	179	120	108
443	179	120	111
443	179	121	109
440	180	121	107
445	183	118	107
444	180	120	106
442	178	122	108
441	175	121	113
438	174	127	115
437	174	124	114
434	172	131	114
435	173	128	113
440	174	129	115
438	174	134	113
439	177	133	111
441	176	128	110
442	179	121	108
442	180	125	108
440	180	123	106
442	178	126	107
442	179	120	105
444	177	128	107
441	176	129	108
443	176	130	106
445	178	128	107
443	177	127	107
443	177	127	109
448	177	126	106
446	179	121	108
445	177	124	111
443	173	126	111
441	172	126	113
441	173	128	111
437	172	128	111
438	173	127	112
439	173	127	113
446	176	121	111
442	173	123	112
443	173	124	112
442	175	124	110
442	176	127	110
445	175	124	112
447	175	122	113
443	175	124	110
443	176	124	109
444	178	122	105
448	178	116	108
446	179	120	105
447	179	123	105
447	178	124	107
447	174	123	110
447	175	122	109
446	174	120	111
446	175	124	113
445	172	122	116
438	170	129	117
439	171	132	115
439	172	132	114
439	174	132	113
442	174	131	113
444	175	128	113
447	174	128	114
446	174	128	112
448	173	127	114
445	174	128	112
446	174	125	114
447	171	121	118
449	174	119	114
445	175	124	108
446	175	126	107
448	176	120	107
449	175	118	111
446	176	125	109
449	177	121	106
448	177	124	108
445	178	124	108
447	177	125	109
445	175	126	109
440	173	128	112
442	170	129	116
440	172	131	114
441	170	132	115
441	172	131	114
445	174	125	112
445	174	125	112
446	173	126	112
448	173	124	114
448	173	123	113
450	174	122	111
449	173	122	111
446	174	124	112
449	176	124	110
446	176	122	109
445	176	129	109
448	175	123	109
446	176	131	109
445	175	130	108
448	177	124	107
446	177	126	109
449	176	124	106
447	176	126	108
448	177	124	106
447	177	125	110
446	175	129	113
444	169	130	120
444	169	138	120
441	169	141	121
440	172	142	116
441	175	138	116
443	173	138	115
443	173	139	113
444	174	140	113
443	174	139	114
443	171	143	117
446	179	142	114
444	176	139	114
444	176	137	114
446	176	137	114
446	180	137	111
445	181	138	108
445	181	136	107
442	178	140	111
444	177	140	110
447	178	141	110
446	179	138	107
445	180	136	108
448	176	135	111
442	174	142	115
438	171	148	119
441	175	146	118
440	174	146	118
440	173	145	118
440	173	146	117
443	176	144	114
444	178	141	112
445	175	137	113
444	175	141	115
446	175	139	115
444	176	137	112
446	178	136	111
448	178	134	109
449	177	128	110
451	178	135	111
451	178	135	111
451	180	133	111
453	178	124	109
452	176	127	112
451	177	129	111
451	177	127	111
450	174	126	112
447	172	135	115
445	166	140	118
442	167	146	121
444	168	142	122
443	171	144	119
446	172	141	120
446	176	141	115
444	173	141	116
447	176	140	115
449	177	137	116
448	175	137	115
447	175	138	114
445	174	140	117
445	177	137	115
448	177	138	114
448	180	134	111
452	178	131	111
453	179	130	108
454	179	126	109
454	179	127	108
454	180	129	109
454	179	129	109
452	177	127	112
448	176	138	113
446	170	142	115
444	172	144	116
447	173	143	116
446	172	143	116
449	171	142	117
449	174	142	114
449	170	136	118
445	172	138	115
446	172	137	116
448	174	139	115
444	171	141	116
444	176	140	113
444	172	140	115
443	176	141	115
446	180	137	111
451	179	134	111
452	179	132	110
451	176	132	111
449	177	134	111
451	179	134	109
447	179	135	107
445	169	144	118
442	174	146	115
440	166	148	116
444	173	144	117
444	174	144	116
445	176	142	111
446	177	140	111
444	177	141	110
446	177	137	110
447	178	138	112
446	177	140	115
446	177	138	113
446	176	138	114
447	177	136	113
448	179	133	111
450	180	137	108
450	180	136	108
449	180	137	109
448	180	139	108
449	182	135	106
450	181	134	107
449	177	136	113
440	173	138	117
438	169	141	119
436	173	148	118
441	172	147	116
440	173	145	118
439	172	142	119
437	174	137	117
441	174	137	115
442	177	135	116
443	177	133	116
440	176	134	115
440	176	134	113
442	177	131	114
450	178	125	112
446	178	126	111
446	180	127	108
445	180	127	107
446	179	126	108
444	179	127	107
444	180	128	108
446	180	125	108
450	178	123	110
445	172	131	117
437	172	138	116
440	172	145	116
438	173	143	114
442	173	144	115
441	175	143	116
440	174	140	116
440	172	139	115
444	175	137	113
447	175	137	109
447	173	134	109
450	172	132	113
451	175	130	110
450	175	129	111
450	175	129	110
450	177	131	108
455	175	123	109
455	176	123	108
456	177	123	108
454	177	127	104
455	177	128	105
455	180	128	102
450	178	128	104
457	179	126	101
453	177	125	107
454	169	132	117
450	173	136	115
452	171	135	115
451	171	133	115
451	172	134	116
451	174	134	116
450	174	134	113
450	175	139	110
452	176	137	110
449	175	140	108
451	175	136	112
450	176	137	110
451	174	139	110
451	176	130	112
451	177	131	110
453	177	127	111
453	176	129	106
455	176	128	110
453	178	128	106
457	177	127	109
455	180	127	108
456	179	128	105
456	178	124	106
455	177	125	112
453	176	128	113
446	172	135	116
446	174	137	114
447	173	135	114
451	174	133	116
451	173	131	114
453	173	128	114
455	176	126	112
455	176	128	114
455	176	127	110
456	175	124	111
457	174	124	112
456	175	126	108
455	174	127	112
456	175	126	110
455	175	128	111
456	174	127	109
455	177	130	110
454	177	130	110
451	179	130	108
453	179	128	110
454	179	130	111
452	180	126	108
456	182	121	106
452	180	123	106
457	178	119	110
454	178	122	113
441	172	131	120
442	172	130	117
442	179	134	112
441	175	138	113
445	179	135	109
443	179	133	109
445	180	140	109
445	180	133	109
446	179	140	111
447	180	127	109
448	180	126	110
448	182	124	110
451	179	122	108
447	179	126	110
452	180	129	106
450	179	122	108
450	181	118	109
450	179	117	109
451	180	117	109
453	180	117	109
452	181	118	107
452	179	128	107
451	182	123	107
444	178	130	113
441	175	141	114
439	178	148	111
438	177	150	111
437	177	153	110
440	177	148	110
439	177	143	111
450	179	133	111
445	179	137	112
446	180	130	111
445	178	137	111
448	180	134	110
449	182	136	109
448	182	139	108
448	181	132	108
452	183	137	107
450	183	132	106
452	181	130	107
451	181	129	105
450	183	130	104
450	181	131	104
451	179	133	108
453	179	135	108
452	175	131	113
452	176	132	114
449	175	130	115
449	173	131	116
450	175	129	114
451	177	131	114
453	177	133	112
451	178	130	112
450	177	129	113
444	178	131	111
446	179	129	111
448	180	129	110
448	180	128	109
448	180	130	110
450	182	131	108
450	180	128	109
451	181	129	109
450	182	131	107
450	185	132	105
448	184	131	105
449	182	130	107
450	178	132	110
448	175	132	116
445	173	134	117
446	176	137	116
444	176	138	114
444	178	135	114
449	177	129	115
450	177	129	116
449	179	132	113
450	180	132	112
448	180	134	112
449	179	131	112
449	178	130	113
447	181	131	111
446	177	131	114
450	180	128	112
450	177	130	114
451	180	130	110
448	182	129	109
449	181	124	108
448	182	126	110
450	182	123	108
448	180	123	111
450	178	127	112
447	176	129	115
442	175	137	118
440	174	142	117
440	175	135	118
439	176	140	118
448	176	133	116
445	179	133	117
444	176	131	115
446	180	135	113
445	179	134	115
446	180	134	114
449	180	130	114
446	180	133	114
449	179	133	114
447	181	127	112
447	180	130	112
447	183	130	110
449	183	125	109
450	182	120	110
450	183	123	109
451	185	128	104
449	187	127	104
449	184	128	106
445	176	130	117
441	176	139	117
437	175	147	117
444	173	141	118
438	176	142	119
443	173	138	120
447	176	131	116
442	178	137	115
446	176	141	116
446	177	136	115
448	177	139	114
445	179	138	113
447	177	135	111
449	179	131	111
446	182	135	107
447	181	135	108
450	180	132	106
452	180	128	106
452	178	128	109
452	177	130	110
447	175	141	115
447	174	141	119
445	172	145	121
441	174	146	119
442	171	146	122
440	172	148	123
443	170	147	120
441	173	147	119
442	175	146	117
449	174	141	116
452	174	139	116
446	176	140	119
447	175	137	119
443	177	141	116
450	175	134	117
444	174	139	116
455	180	129	111
455	181	131	109
458	181	127	107
455	180	126	110
455	181	128	109
455	183	132	107
453	182	135	108
451	182	136	108
451	178	139	113
450	175	141	118
445	173	142	121
438	172	153	122
445	174	146	116
441	174	148	121
445	174	149	117
441	176	147	116
441	174	146	120
440	176	148	118
446	177	140	115
450	178	138	113
447	178	140	114
449	179	139	111
450	180	138	110
453	179	135	109
451	181	140	109
453	180	134	109
451	182	133	110
452	183	132	109
453	181	130	109
454	182	130	108
452	180	130	110
454	179	137	109
449	180	140	111
446	174	147	116
445	173	150	116
443	174	150	119
446	175	150	114
446	176	150	114
448	176	145	114
452	175	144	114
451	176	149	114
452	175	148	112
452	176	146	113
450	175	145	114
451	177	143	113
450	178	142	112
448	179	138	111
450	180	137	110
454	178	133	111
450	179	131	111
446	180	134	111
450	181	131	112
447	181	135	110
450	181	134	110
447	182	134	110
446	181	136	110
446	181	133	112
448	180	134	111
449	178	131	114
444	174	135	118
444	177	138	118
439	173	139	120
445	177	138	116
443	180	141	113
446	180	136	112
448	179	136	113
448	179	136	112
449	177	133	113
447	179	132	111
447	178	132	113
447	177	130	114
447	178	129	114
444	178	133	113
449	180	129	110
451	178	128	110
452	178	126	109
454	180	125	109
453	180	123	108
454	181	123	107
456	180	122	105
454	178	122	107
451	178	125	111
448	173	138	117
447	172	145	117
446	173	142	119
443	172	145	120
440	172	145	122
440	174	147	119
446	174	137	117
447	174	138	116
454	177	136	113
452	174	135	113
453	175	133	112
456	174	129	116
455	174	128	114
453	176	129	112
456	179	131	110
456	179	129	109
460	181	128	106
459	178	133	108
462	180	131	108
461	180	126	107
460	181	121	108
464	179	119	106
461	179	122	110
459	176	135	112
452	173	138	114
448	175	146	117
443	172	144	118
444	172	143	119
443	175	144	115
453	175	146	112
443	175	150	115
449	178	148	111
449	176	146	113
452	177	145	112
462	179	138	110
452	176	143	112
458	179	141	111
454	176	141	113
461	179	132	107
461	178	128	108
459	178	130	109
459	179	129	109
462	180	127	108
466	178	123	108
465	180	122	107
466	178	121	108
462	178	129	108
457	176	137	110
453	173	142	117
453	172	145	116
449	171	143	119
440	170	150	116
443	175	148	115
448	176	148	111
449	174	143	117
452	177	143	113
453	178	135	112
451	174	133	116
450	175	135	117
450	176	135	117
452	175	134	116
459	177	128	113
457	179	132	111
458	179	130	110
461	182	127	106
460	180	121	108
459	180	120	109
459	183	123	107
457	174	132	116
457	173	140	116
453	175	140	117
451	173	141	116
454	179	137	111
456	179	141	111
454	179	140	111
453	178	140	112
454	178	137	112
452	178	138	110
452	181	138	110
454	181	137	110
455	182	136	109
456	182	135	106
454	183	136	106
459	185	132	102
459	184	130	106
458	182	132	106
457	182	128	106
458	181	129	108
458	182	126	107
462	182	128	105
460	182	129	105
459	177	125	111
453	173	133	118
450	174	139	114
449	172	143	114
451	173	142	113
450	174	139	113
450	174	138	112
455	178	135	108
456	178	133	107
458	176	131	109
461	174	136	109
458	178	139	109
459	175	139	109
460	177	135	110
461	177	137	108
459	176	135	108
464	181	134	102
462	179	123	108
464	178	126	108
465	179	121	106
465	179	127	106
468	180	122	105
466	178	128	106
463	177	133	109
459	169	135	120
461	172	141	116
458	169	143	119
448	173	144	120
453	172	139	120
454	176	146	115
455	174	139	116
457	173	136	113
459	177	135	108
460	177	131	107
460	174	131	110
461	174	137	110
467	176	137	109
465	178	133	106
465	176	128	111
465	180	128	108
467	177	129	107
467	179	124	107
466	178	124	108
467	178	122	108
463	176	123	110
467	175	126	113
458	172	137	118
458	171	136	116
458	168	139	120
453	171	140	116
453	169	139	118
458	173	143	114
458	172	138	117
460	173	138	114
463	173	136	112
454	172	133	112
457	174	131	111
460	176	131	110
460	177	133	109
460	176	132	110
460	176	132	112
459	176	130	111
459	175	133	111
465	176	129	108
464	175	125	113
462	176	126	113
465	178	125	109
467	175	121	110
464	177	128	112
458	173	137	118
460	171	138	118
459	171	136	118
461	169	134	118
459	170	134	116
451	173	138	116
460	174	137	110
457	174	135	112
462	174	134	113
456	174	132	115
458	173	131	120
459	176	132	118
462	177	131	116
458	177	132	112
461	177	130	111
463	178	127	112
464	175	127	112
465	178	127	109
471	178	122	110
469	179	121	108
470	178	118	112
470	179	118	110
470	181	122	108
469	180	121	109
468	183	120	108
464	175	133	116
460	174	135	117
457	171	140	122
447	176	144	117
453	176	136	115
462	177	135	113
465	175	131	112
462	176	129	110
465	177	128	110
464	176	131	113
459	177	135	111
466	176	131	110
467	178	132	105
468	178	128	106
469	180	126	106
468	177	127	107
471	179	127	107
472	177	126	108
472	178	128	106
470	180	128	105
470	180	129	105
469	179	125	106
467	179	130	106
465	176	130	109
460	174	135	113
462	173	142	117
462	171	140	118
452	174	142	116
457	173	139	114
463	171	137	117
462	173	135	115
467	174	133	112
471	176	129	109
469	174	125	113
468	174	127	112
467	174	128	112
472	177	128	108
470	179	129	108
469	178	130	107
469	182	128	104
474	181	127	106
472	180	126	108
472	180	126	107
475	179	123	108
471	178	121	109
476	180	125	107
475	180	127	107
473	177	127	110
467	174	137	117
458	174	141	118
458	174	138	120
459	172	135	118
463	173	136	116
467	173	135	116
468	175	136	114
468	178	135	111
472	179	133	109
471	176	133	114
470	178	133	111
472	177	131	111
472	178	128	111
467	175	130	113
471	178	130	109
473	178	122	110
476	180	123	107
474	178	122	110
476	180	121	108
473	180	123	108
478	180	122	108
476	179	123	109
471	175	127	114
468	175	133	117
462	178	142	119
457	175	141	122
459	175	138	119
462	174	139	122
463	175	136	120
467	176	131	119
469	175	130	115
471	177	127	113
471	176	124	114
471	177	123	114
472	179	122	111
472	177	120	115
472	178	121	113
473	179	123	112
471	179	122	112
473	179	123	111
472	180	122	111
472	182	126	109
471	181	127	110
471	182	125	109
470	180	126	110
468	178	128	113
467	177	128	115
465	175	129	117
467	175	131	116
467	175	132	116
466	176	135	116
464	175	137	116
469	175	132	117
467	176	134	115
468	176	132	115
469	177	132	112
470	178	132	113
465	178	135	110
466	177	134	110
469	179	129	109
470	177	128	113
470	177	126	112
471	179	126	112
469	177	128	113
474	178	126	110
466	179	130	108
467	180	129	107
468	178	129	108
467	180	129	108
464	180	133	107
474	178	125	109
469	174	131	117
468	173	139	119
471	172	137	119
468	173	138	119
467	174	142	120
471	173	136	120
474	173	135	119
462	174	138	116
474	175	130	118
472	177	134	119
465	175	134	119
462	176	136	116
475	177	129	114
472	178	125	111
472	177	126	114
470	178	125	111
469	178	129	112
472	178	125	112
474	179	123	110
476	180	122	111
476	181	122	110
474	178	123	111
473	177	124	112
471	174	126	115
464	172	140	120
468	171	140	122
467	173	143	118
468	173	139	120
471	173	138	121
468	174	138	118
464	173	144	119
465	174	141	118
467	175	138	117
470	176	136	114
467	175	135	114
473	177	131	114
471	177	133	112
