320	225	60	60
320	228	65	58
319	229	65	57
319	227	65	58
317	228	65	58
321	227	63	58
320	225	68	57
320	225	67	59
323	225	67	58
326	225	66	58
330	226	66	58
334	227	66	57
336	227	72	58
337	226	70	58
339	226	70	58
339	226	75	59
341	227	75	59
344	227	73	59
344	226	72	61
342	227	72	59
342	226	70	60
344	228	71	59
343	226	72	59
345	226	70	58
344	228	72	58
345	226	72	57
348	228	70	56
350	229	69	57
349	229	71	57
349	229	69	57
347	230	66	57
344	230	67	56
344	230	69	57
347	230	68	57
346	230	68	58
346	231	69	57
347	230	68	57
345	230	69	58
345	229	70	59
346	229	71	60
346	229	72	59
345	229	72	60
345	229	69	59
344	229	71	58
345	229	71	59
344	228	72	60
344	229	73	60
344	228	70	60
344	228	70	59
342	229	74	60
342	229	73	59
342	229	72	58
342	229	70	58
342	229	72	58
342	229	71	57
342	229	74	59
342	229	72	57
341	229	74	57
342	229	73	58
342	229	74	58
343	228	76	58
343	228	74	58
342	228	72	59
343	228	73	60
342	228	72	58
343	227	71	59
343	228	72	59
341	228	74	58
342	229	74	58
344	229	72	58
345	231	69	56
344	230	66	55
343	230	69	55
343	229	67	56
342	229	67	56
343	230	66	55
344	230	67	56
342	230	68	56
342	229	67	56
344	231	64	54
344	228	65	57
342	228	66	57
344	229	64	54
343	229	63	55
342	229	62	54
343	229	64	55
343	227	64	56
343	229	62	55
341	228	64	55
342	229	64	55
342	229	62	55
343	229	61	56
343	228	64	56
341	227	64	57
342	228	65	58
340	227	66	59
340	228	66	59
341	228	66	59
342	228	65	59
340	226	66	60
341	227	66	58
339	227	67	59
342	227	67	58
340	227	66	59
339	226	68	60
340	226	70	60
340	226	70	60
340	226	68	59
342	226	69	59
340	226	71	59
340	227	72	59
340	226	76	59
340	226	74	59
340	226	65	57
338	226	63	57
339	226	68	58
337	227	65	56
338	227	68	57
337	227	69	58
337	228	68	58
332	229	65	59
332	227	63	60
332	227	64	60
332	226	63	58
333	228	65	58
331	227	66	59
331	227	67	59
332	227	67	59
332	228	68	58
331	227	65	58
331	227	66	59
331	225	69	61
331	226	69	60
330	225	70	60
330	226	69	60
330	224	69	61
330	225	69	59
330	225	69	58
330	224	71	59
329	225	70	58
330	224	72	58
328	225	70	58
329	223	71	58
328	224	72	58
328	224	72	58
329	223	72	59
328	224	72	59
328	223	73	59
328	223	73	59
328	223	72	59
327	224	72	59
326	224	72	58
328	223	72	60
329	223	71	59
327	224	72	58
328	223	72	58
326	224	73	58
328	224	73	58
325	223	74	58
328	224	71	59
327	223	72	59
327	224	72	59
327	224	72	59
326	223	73	59
327	224	72	58
326	224	74	58
326	223	77	58
327	223	74	58
327	223	72	59
324	224	73	59
327	223	76	59
325	222	81	59
324	222	80	61
325	222	79	60
324	222	76	61
324	222	77	60
324	222	77	60
324	222	75	59
324	222	74	59
325	222	75	60
324	222	72	60
325	222	72	59
324	222	69	59
324	222	70	58
323	222	69	58
323	222	68	57
323	222	68	57
323	222	69	58
322	223	69	57
323	222	69	57
322	223	71	55
322	221	72	58
322	220	70	60
322	221	71	59
320	221	72	59
321	221	71	60
319	222	75	57
319	222	74	58
318	222	74	58
318	222	71	57
319	223	69	57
317	222	72	57
319	222	70	56
319	222	69	55
320	222	66	56
320	221	67	56
320	222	65	56
319	222	66	56
320	221	66	56
320	222	65	55
320	222	63	54
322	222	65	54
321	222	65	55
322	221	65	55
321	220	66	57
321	221	66	56
319	221	66	57
319	221	65	56
319	221	64	57
319	220	64	57
320	220	70	58
318	221	63	58
320	220	68	58
320	221	65	58
320	220	69	58
320	221	61	57
320	221	63	56
320	219	70	57
321	221	61	58
319	220	70	59
320	220	64	59
320	220	72	57
319	220	72	58
319	219	72	58
319	218	72	58
320	219	72	58
319	219	72	58
319	219	73	58
320	220	71	58
319	220	71	58
321	222	68	56
322	221	68	55
321	220	68	57
321	220	68	58
322	220	66	57
320	221	70	57
321	220	67	58
321	219	67	58
320	220	66	57
320	220	69	56
321	220	65	56
320	220	66	55
320	220	64	55
319	221	63	55
320	221	64	55
320	220	64	54
319	221	65	53
319	221	65	54
318	220	66	55
318	221	65	55
318	221	66	55
318	220	67	56
318	220	64	56
317	220	66	56
317	219	67	55
316	219	67	55
316	220	66	56
317	219	68	55
315	219	67	56
316	219	67	57
316	219	67	57
315	219	67	57
316	219	67	57
315	218	67	57
315	220	67	58
316	220	66	56
316	220	65	56
316	220	65	56
316	220	65	56
315	221	65	56
316	221	66	56
314	220	66	56
316	220	65	56
316	220	66	56
316	220	66	56
314	220	64	55
317	220	63	54
314	218	67	56
316	219	66	56
315	219	66	55
316	219	66	56
315	219	67	56
315	219	66	56
315	220	66	55
316	220	67	56
315	218	68	57
315	219	66	56
316	219	66	57
317	219	64	57
317	218	66	57
314	219	69	56
313	219	68	56
311	220	70	56
313	220	68	56
311	220	69	55
312	219	70	54
311	220	70	54
312	220	69	55
313	218	73	55
314	219	73	56
312	218	68	57
312	217	71	58
313	218	71	57
312	218	69	58
313	217	67	58
312	218	64	59
312	218	64	58
311	218	64	58
312	219	66	57
310	218	67	57
311	218	66	57
310	218	67	58
311	219	67	57
309	218	65	57
311	218	67	56
311	217	65	57
310	217	66	57
309	218	68	57
308	217	68	57
309	217	67	58
311	216	69	56
311	216	67	57
310	217	67	58
310	217	64	57
311	217	63	56
311	217	63	55
311	218	62	55
311	218	61	55
311	217	62	56
310	217	63	56
310	217	63	56
312	216	62	56
311	217	63	56
311	217	62	55
311	216	63	56
312	216	63	56
313	217	64	56
312	216	64	56
312	215	64	57
312	215	65	57
312	216	64	57
313	216	65	58
314	215	61	58
314	216	63	57
314	215	62	58
313	215	61	58
313	216	63	56
312	216	64	57
313	216	63	56
313	216	65	56
314	216	66	56
313	215	66	57
314	215	67	57
312	215	67	57
314	214	65	58
314	215	65	57
314	214	62	57
315	214	61	58
314	214	62	56
314	215	61	56
315	215	61	57
314	215	64	55
315	215	61	55
315	215	61	56
315	215	62	55
315	216	58	54
315	216	59	55
315	217	59	53
316	217	58	53
316	217	58	53
315	217	59	53
316	217	58	53
315	217	60	53
315	217	59	53
315	216	59	54
316	216	61	53
316	217	59	53
314	217	61	53
314	217	61	53
314	216	63	53
315	216	60	54
315	216	56	54
315	215	56	53
315	215	57	54
314	215	58	53
315	214	57	55
315	213	58	54
314	214	58	55
312	214	60	55
313	214	60	56
313	214	60	56
312	214	62	56
313	214	62	55
313	214	64	55
313	215	65	54
313	215	66	54
313	214	66	55
311	214	67	55
311	213	67	56
312	214	65	55
313	213	65	54
310	214	65	55
312	215	61	53
312	215	61	53
312	214	61	54
312	215	59	53
311	214	60	54
312	213	59	55
312	213	59	55
311	212	57	55
310	213	57	55
311	212	56	54
310	212	56	54
311	212	56	54
310	212	57	54
311	212	56	54
310	213	55	52
310	213	55	53
310	212	55	52
309	211	56	53
310	211	55	53
310	211	56	53
310	212	55	53
310	212	55	53
310	211	55	53
309	212	57	53
310	213	56	52
309	212	57	53
308	211	58	53
309	211	58	54
308	211	60	54
308	210	61	55
307	210	64	56
308	210	64	56
307	210	66	56
308	210	67	57
307	211	65	57
307	210	65	56
307	210	67	57
307	210	66	56
305	211	69	56
307	212	57	53
306	211	57	53
306	211	56	53
307	211	56	53
306	211	55	52
306	210	56	52
306	210	55	52
307	210	54	52
307	210	54	51
307	210	55	50
306	210	54	52
307	210	54	50
307	210	53	50
307	210	56	51
306	210	53	50
307	211	54	51
306	211	53	51
307	211	53	50
308	211	52	50
307	211	52	52
306	210	53	51
306	211	54	51
304	211	55	51
304	211	55	52
305	211	56	52
304	210	55	53
304	211	56	52
305	211	55	51
305	211	55	51
304	211	55	50
304	212	55	50
304	211	55	51
304	212	55	50
305	211	56	51
305	210	54	51
305	210	53	51
305	210	54	52
305	211	53	51
305	211	53	52
305	211	54	52
304	212	55	51
305	211	54	51
305	211	54	51
304	212	55	51
304	211	55	51
304	212	55	50
303	211	58	51
304	212	58	50
303	211	56	51
303	212	54	50
302	212	55	50
302	211	56	51
302	212	55	51
302	211	55	51
301	212	55	51
301	211	57	51
301	212	56	51
301	212	55	51
301	211	55	51
300	211	56	51
299	210	57	51
300	210	57	52
300	210	58	52
299	210	59	52
299	210	58	51
299	211	58	50
298	210	59	50
298	211	60	51
299	211	59	51
299	210	58	51
299	211	58	50
299	211	58	51
299	210	58	51
299	210	58	51
298	210	59	51
299	211	57	52
300	210	56	51
299	211	58	52
299	211	61	51
300	210	62	52
300	210	62	52
300	210	63	52
300	211	61	51
299	210	61	52
299	210	61	52
300	209	61	51
300	210	61	50
299	210	61	51
301	212	61	50
301	210	62	52
300	209	62	51
301	210	64	51
301	210	64	52
301	210	63	52
300	211	63	52
300	210	65	51
300	210	64	51
299	211	60	51
298	210	62	53
297	210	64	53
297	210	62	53
297	210	62	54
295	210	68	53
297	209	67	53
296	209	64	53
297	209	61	53
297	209	62	53
298	209	62	54
298	208	62	53
298	208	59	54
297	208	57	54
296	209	59	53
296	209	59	53
296	209	59	53
297	210	57	53
297	208	57	53
297	209	56	53
297	209	57	52
297	209	59	52
298	209	57	53
298	209	57	53
300	209	55	53
299	210	56	52
298	209	56	53
297	209	57	53
298	209	58	53
298	209	57	53
297	208	58	54
298	209	59	53
296	209	59	54
297	209	59	54
296	208	60	54
296	208	60	55
297	209	59	54
297	209	58	54
295	209	57	54
295	208	59	54
294	208	62	54
294	209	60	54
295	209	62	53
295	208	61	54
295	208	61	54
294	208	61	54
295	209	60	53
294	208	61	54
295	208	60	53
295	208	61	53
295	209	64	52
294	208	64	53
295	209	62	53
295	208	62	53
295	208	63	53
296	207	61	54
296	208	61	54
294	207	63	54
296	207	62	54
294	207	64	55
295	207	64	54
292	206	66	54
293	207	64	54
292	207	65	54
293	207	65	53
294	208	65	53
294	207	64	53
296	207	62	52
294	207	64	52
295	208	65	52
297	208	63	52
296	207	63	52
297	207	64	52
296	208	65	53
296	207	65	52
295	207	65	53
296	207	66	53
296	206	68	53
295	207	67	52
295	207	65	52
295	207	65	52
295	207	64	52
294	207	65	52
295	207	64	51
294	207	62	52
294	207	64	52
295	207	63	52
294	207	63	52
294	207	63	51
294	207	62	52
293	207	62	51
293	207	62	52
293	207	62	51
292	206	63	51
293	206	62	52
293	205	63	52
293	205	62	52
293	205	63	53
294	206	61	51
294	206	62	51
294	206	61	50
294	207	62	50
293	206	64	52
292	206	64	52
292	206	62	52
290	206	63	53
291	206	63	52
292	206	61	52
292	206	62	51
291	207	62	51
292	206	62	51
292	206	63	50
292	206	62	50
291	207	60	49
292	207	60	49
292	207	59	50
293	206	59	50
292	205	60	51
293	206	59	50
293	206	60	51
294	206	60	51
293	207	61	50
293	207	61	49
292	208	62	50
293	208	61	49
293	208	60	49
292	207	61	50
293	207	63	51
292	207	62	51
293	206	62	52
293	207	60	52
293	207	63	51
294	208	64	50
294	209	63	50
298	209	61	51
297	210	61	50
299	210	62	49
298	209	62	49
299	208	61	50
299	209	60	48
298	210	59	48
298	209	61	48
298	206	62	48
298	207	60	47
299	206	62	48
298	206	63	48
300	207	63	46
299	206	62	47
300	206	62	48
300	205	61	48
300	205	60	49
299	205	61	48
300	205	60	48
301	205	59	48
301	206	59	48
301	206	59	48
301	206	59	48
301	206	60	48
301	206	58	48
301	205	61	48
299	205	62	48
300	204	60	49
301	206	59	48
301	205	59	48
301	206	59	47
300	205	60	48
300	206	60	47
300	205	61	48
300	205	60	47
300	205	59	47
300	206	62	47
300	206	62	47
299	205	63	48
301	205	61	49
300	205	61	48
301	205	60	49
300	204	60	48
300	204	59	48
300	204	59	48
300	204	59	48
299	205	58	48
298	204	59	48
300	205	61	48
300	205	59	48
299	205	59	48
299	204	60	49
300	205	60	48
298	205	60	48
298	204	60	48
298	204	60	49
299	204	60	49
299	204	59	49
299	204	57	49
299	205	57	48
299	204	56	49
299	205	58	48
300	205	56	48
300	204	56	49
300	204	57	48
300	204	57	48
299	204	57	49
299	204	60	49
298	203	61	50
297	203	61	50
296	203	62	50
296	203	62	50
296	203	62	50
295	203	63	50
295	203	62	50
295	203	63	50
295	203	62	50
294	204	63	49
295	203	62	49
295	203	63	50
296	202	60	50
296	203	62	50
297	204	62	49
297	204	59	49
296	203	61	49
295	203	61	49
295	203	60	49
295	205	59	48
294	204	59	49
295	203	60	48
294	204	58	48
294	204	60	49
295	204	61	49
295	204	61	49
295	204	62	48
295	204	64	49
293	204	66	49
294	204	66	49
294	204	65	49
294	203	64	48
291	204	65	48
293	203	64	49
294	204	63	49
293	204	64	49
294	203	62	48
293	204	64	48
295	203	62	48
293	203	62	48
293	203	62	48
293	204	63	47
292	203	64	47
292	203	64	48
294	203	63	49
293	203	62	49
293	203	63	49
292	203	62	49
292	203	63	48
292	204	63	49
294	204	62	48
293	205	60	48
293	205	61	48
293	204	61	48
291	204	62	48
293	204	61	49
291	202	61	49
293	204	60	48
291	203	62	48
291	203	62	48
292	203	61	48
292	203	63	48
291	203	62	48
291	204	62	48
291	203	63	49
289	203	65	49
290	203	64	48
289	203	63	48
289	203	64	48
290	203	66	50
288	203	65	50
290	203	65	51
291	203	64	51
288	203	64	50
289	203	62	51
289	203	63	50
289	203	64	51
289	203	63	50
288	203	62	50
288	203	63	50
288	202	63	50
288	204	64	50
287	203	65	49
286	203	63	49
285	202	64	48
286	204	62	49
284	204	62	48
284	204	64	49
283	203	67	49
284	204	65	49
285	204	61	48
286	204	61	48
286	205	60	47
286	204	60	48
286	204	59	48
287	204	61	48
287	205	59	48
287	204	61	48
286	205	60	47
285	204	64	47
286	204	62	48
285	204	64	47
284	204	64	47
285	204	62	48
285	204	61	48
284	204	64	48
284	205	64	47
285	204	64	47
284	205	67	47
285	204	65	47
284	205	65	47
284	205	65	47
284	204	65	48
284	205	66	47
283	204	67	48
284	204	66	47
284	205	65	47
284	205	67	47
284	203	63	48
283	203	62	49
284	203	63	49
283	204	65	49
283	203	64	50
282	203	63	49
283	203	64	50
282	203	65	49
283	203	63	49
283	203	62	49
283	203	65	49
282	203	62	49
283	202	62	49
283	203	62	50
282	203	61	49
283	204	62	49
282	203	61	48
282	203	60	49
282	204	61	49
281	204	60	49
281	204	61	49
281	203	63	49
281	203	63	49
281	203	63	48
282	204	62	48
281	203	61	49
280	203	63	49
279	203	66	50
278	202	68	51
278	202	68	51
279	202	70	52
279	202	69	52
280	204	62	48
279	204	62	49
278	203	61	48
276	204	60	47
277	205	60	47
275	204	62	47
275	204	62	47
276	203	62	48
277	203	65	49
277	202	63	50
277	203	64	49
277	203	66	49
277	203	67	49
277	203	66	50
276	203	68	50
277	204	66	49
274	203	72	50
274	203	73	50
275	203	71	50
277	202	67	51
275	203	67	50
277	203	65	49
276	203	64	48
275	203	64	48
274	203	65	49
275	203	65	50
275	204	66	49
275	204	66	49
275	204	67	50
275	204	67	49
273	203	72	51
273	204	68	51
273	203	66	52
274	203	66	51
273	203	65	49
273	204	64	49
274	204	63	47
273	203	64	48
274	204	64	48
275	205	61	46
274	204	62	46
274	204	62	47
274	204	62	47
275	204	61	47
275	204	60	47
274	203	61	47
275	204	61	47
274	203	58	47
275	204	59	47
275	204	59	48
274	204	62	47
272	202	62	47
275	202	60	47
274	204	63	47
274	203	63	47
273	202	62	48
273	203	62	48
273	202	63	48
273	203	62	47
275	203	61	48
274	203	62	48
273	203	64	48
274	201	64	49
273	202	64	49
273	201	64	49
272	201	64	50
274	201	64	51
273	201	63	49
273	202	62	49
273	202	63	49
274	202	64	49
274	201	64	50
274	201	64	49
272	202	64	49
274	201	65	49
273	202	64	48
273	202	63	49
274	201	63	48
272	202	65	49
273	202	64	48
273	202	65	48
272	202	64	48
272	201	64	48
271	202	64	49
271	201	63	50
270	201	64	50
270	201	65	50
269	201	65	51
269	201	65	50
268	201	66	50
270	201	65	50
270	201	66	50
270	201	65	49
270	202	66	50
270	201	66	51
271	199	65	50
270	201	64	51
270	201	66	51
270	202	65	50
271	201	63	49
271	202	64	49
271	201	64	49
271	201	63	49
271	202	65	48
269	202	65	48
270	202	65	48
269	202	64	47
269	202	64	48
269	202	64	48
271	201	63	49
270	202	62	48
269	201	63	49
271	201	63	49
270	201	63	49
271	201	63	49
271	201	62	48
271	201	63	48
270	201	63	48
271	201	62	48
271	201	63	48
272	201	62	49
272	201	61	49
272	201	61	48
272	202	61	48
273	202	59	49
272	200	61	49
270	201	62	48
270	201	62	48
269	202	63	48
268	202	62	48
268	202	61	47
269	202	62	48
268	202	63	47
268	201	61	49
268	202	61	49
268	201	61	51
268	200	61	51
267	200	63	51
267	201	61	50
267	201	62	51
268	200	62	50
268	200	62	50
268	201	62	49
268	201	61	49
268	201	62	49
268	201	61	50
268	200	61	50
268	201	61	49
268	202	62	48
267	201	62	49
267	201	63	49
267	201	63	50
267	200	62	50
266	201	62	49
266	201	63	49
265	200	62	48
266	201	63	48
266	202	63	47
265	202	64	47
265	200	65	50
264	200	67	52
266	199	67	52
265	200	68	52
266	199	66	53
265	200	66	52
265	199	64	53
264	198	65	53
264	199	64	53
265	198	64	53
265	199	64	52
265	199	64	53
265	199	63	52
265	199	64	52
266	199	65	52
264	199	68	52
264	200	67	52
264	199	68	53
264	200	66	52
264	199	66	53
262	199	66	51
264	199	68	52
263	198	69	52
262	198	69	51
264	198	68	53
263	197	68	54
264	197	66	53
264	197	67	53
263	197	66	54
262	197	67	53
263	197	65	52
262	197	67	52
263	197	65	52
263	197	65	52
264	198	65	52
264	198	65	51
263	198	66	51
264	198	66	51
264	198	65	51
264	198	64	50
265	199	65	50
263	197	66	50
264	197	69	50
264	198	69	50
266	198	65	50
266	199	62	49
266	198	61	48
268	198	63	49
268	197	62	50
268	198	62	49
266	199	59	49
266	199	57	49
266	199	55	49
266	198	55	49
265	199	56	49
265	198	56	50
265	198	56	50
265	198	56	50
265	197	56	50
264	198	56	50
264	199	56	48
263	198	57	49
264	198	55	48
263	199	58	48
263	198	60	48
264	199	60	48
263	199	60	47
264	198	61	49
263	199	62	49
264	197	60	49
263	199	61	47
265	198	61	49
263	197	65	50
263	196	64	50
263	196	66	51
262	195	67	53
262	196	74	53
263	196	73	53
261	196	73	52
262	196	74	53
262	196	74	54
264	195	71	53
263	195	69	53
263	196	64	52
262	195	69	53
263	196	64	52
263	197	62	50
263	196	70	51
265	197	70	49
266	197	67	49
266	198	63	48
265	197	61	48
267	199	57	48
266	198	55	48
269	198	54	50
270	198	54	51
270	198	57	50
270	200	59	48
267	200	60	49
268	200	59	49
268	199	61	50
269	200	58	51
269	199	57	51
270	199	51	50
269	199	54	49
268	199	55	48
268	198	55	50
267	198	54	50
267	198	53	50
266	197	57	49
267	197	56	51
268	196	54	50
268	195	53	50
267	195	54	49
267	195	54	49
267	195	54	49
268	196	55	49
268	196	55	50
268	196	54	49
268	196	53	49
268	196	55	49
269	196	53	49
268	196	52	49
269	196	51	50
269	195	50	51
269	195	49	50
269	195	48	50
270	195	47	49
269	195	48	51
270	195	47	50
270	195	48	50
269	195	48	50
269	194	49	51
268	194	49	51
269	195	48	50
268	194	49	51
268	194	49	50
268	195	49	50
267	194	50	50
268	195	50	50
267	195	51	49
267	195	51	49
266	196	54	49
267	196	51	50
266	195	52	50
267	196	53	49
266	196	52	49
266	196	53	49
266	196	52	49
266	195	55	51
265	195	55	52
267	195	55	51
266	196	57	50
266	196	57	50
267	195	54	50
267	196	58	50
267	196	56	50
267	196	57	50
267	196	55	50
267	196	55	49
266	196	55	49
266	196	53	48
267	196	52	49
267	196	51	48
267	196	54	49
266	195	55	49
267	195	53	49
267	196	53	49
267	196	54	49
267	195	55	49
268	196	51	48
266	197	52	47
266	196	50	48
266	195	50	49
266	195	49	49
265	196	48	49
265	195	49	50
264	195	50	50
262	195	53	49
262	196	51	49
262	194	51	49
263	196	52	50
261	195	54	49
263	196	51	48
263	195	53	49
263	195	55	49
262	196	55	48
262	194	55	50
262	194	54	50
261	193	55	51
260	194	58	50
262	193	59	51
262	192	61	51
261	192	62	51
262	193	60	51
260	193	63	50
259	192	65	51
258	192	65	52
256	191	68	52
258	192	66	52
258	193	65	51
259	195	62	50
260	193	61	51
260	195	62	50
261	195	60	49
261	195	61	49
261	194	60	50
261	194	60	50
261	194	59	50
261	194	61	50
259	194	62	51
261	195	63	48
259	195	64	48
258	195	63	49
260	195	61	49
261	194	60	50
261	196	60	48
260	197	60	47
261	196	57	47
260	196	58	48
259	196	59	48
259	196	59	48
258	196	61	48
256	196	61	48
257	196	61	48
257	197	59	48
259	198	58	47
258	198	58	48
257	196	59	49
258	197	58	49
257	196	59	50
256	195	58	51
256	197	57	48
256	196	57	49
255	196	59	49
256	195	60	50
256	196	59	47
255	195	61	49
256	196	60	47
256	195	59	48
257	195	58	49
257	195	59	48
256	196	59	48
257	196	58	47
256	195	59	48
257	195	59	48
257	195	58	48
257	195	58	48
256	195	59	48
257	194	58	49
257	195	61	48
255	194	61	50
254	193	63	51
255	194	63	50
251	193	66	52
247	193	71	52
243	192	74	53
246	192	70	52
247	193	69	51
248	193	67	51
252	191	63	52
254	192	62	51
256	192	60	50
255	193	61	49
257	193	60	51
256	193	60	50
257	193	58	50
255	194	60	49
256	193	59	49
255	194	59	48
256	194	60	47
254	193	61	48
254	194	62	48
255	192	60	50
254	192	62	52
253	192	63	53
253	192	62	52
253	193	63	52
251	193	63	52
253	192	63	51
252	192	64	52
252	192	62	50
252	192	62	50
253	192	62	51
252	193	62	50
253	192	62	50
253	193	61	50
252	193	63	51
250	191	64	51
250	193	65	52
250	193	63	51
249	193	65	50
248	194	67	50
249	193	63	50
249	192	64	50
247	192	66	52
248	193	63	50
248	193	66	50
249	194	64	48
250	194	61	49
250	194	62	49
251	193	60	49
251	193	60	49
252	193	60	49
252	194	60	49
252	193	59	49
252	193	58	49
252	193	59	50
252	193	59	50
252	194	60	49
252	193	58	49
250	193	59	50
251	193	58	49
250	193	59	50
250	194	59	49
249	193	60	49
250	193	60	50
249	193	61	50
249	193	61	50
250	193	60	48
250	193	60	48
248	194	61	48
248	195	61	47
248	194	60	49
248	193	61	50
248	193	61	49
248	192	60	50
247	191	62	52
248	191	60	51
246	192	61	51
246	192	62	50
246	192	61	51
245	192	62	50
245	192	62	51
245	191	63	52
245	192	63	51
245	192	64	50
245	192	63	49
246	192	62	49
246	193	62	49
246	192	62	49
245	192	62	48
246	193	62	48
247	194	63	47
248	193	62	47
246	194	61	47
246	194	60	46
246	195	58	46
245	194	58	46
245	194	57	47
247	193	60	48
247	193	60	47
247	193	61	47
246	193	60	48
248	193	61	47
247	193	59	48
247	194	58	47
246	193	56	48
248	193	60	48
246	192	60	49
246	192	60	49
245	191	60	50
245	191	60	49
245	191	59	49
246	191	59	50
244	190	60	51
245	190	60	51
245	190	61	50
244	190	60	49
245	191	59	48
243	191	60	48
244	192	60	48
247	192	58	48
246	192	56	47
242	191	60	49
241	192	61	49
241	189	62	52
240	190	63	51
241	190	63	51
241	192	61	50
243	190	61	51
241	191	62	50
246	192	57	49
248	193	55	46
247	193	53	47
246	193	54	48
247	194	53	46
246	192	53	48
246	192	53	48
245	191	54	50
247	192	54	48
244	192	55	50
246	193	55	50
245	192	56	50
244	192	56	50
244	192	56	50
243	192	56	50
243	192	56	49
244	192	56	50
240	190	59	50
240	191	60	49
239	190	60	50
238	191	60	50
238	190	61	50
238	192	63	49
239	191	61	50
238	191	62	50
238	192	62	49
237	190	63	51
237	189	64	53
236	191	62	51
238	193	62	48
238	192	61	49
238	192	63	49
238	192	62	49
238	191	61	50
239	193	59	48
237	192	62	49
238	192	60	49
239	191	64	50
240	193	62	49
240	192	62	49
240	191	64	50
238	191	66	51
240	190	66	53
239	190	67	53
238	190	67	53
239	190	66	52
237	190	68	52
237	190	68	51
237	191	68	50
236	190	64	50
235	190	64	50
236	191	66	49
236	191	65	49
236	191	65	49
236	191	65	49
236	191	65	50
236	190	66	50
236	191	68	50
235	190	67	51
237	190	64	52
238	190	63	51
237	190	63	51
238	190	62	52
238	191	62	51
238	191	63	51
238	191	63	50
237	192	61	51
237	190	63	52
238	193	63	50
239	191	62	52
241	194	61	50
239	190	61	54
239	191	62	54
238	190	58	54
236	187	59	58
241	196	61	51
242	193	59	53
241	192	57	53
241	191	56	53
239	191	56	51
240	190	56	52
240	191	56	51
241	193	57	47
242	191	55	49
240	190	56	50
239	191	55	47
239	190	57	48
239	189	56	49
240	188	55	50
237	188	57	49
237	189	57	47
239	189	56	47
237	188	53	48
236	187	56	49
234	189	57	47
237	187	56	48
239	190	54	45
239	189	54	47
240	190	53	47
239	190	53	46
237	189	55	47
237	190	55	47
237	190	55	46
237	190	54	46
237	190	54	46
236	190	55	48
236	189	56	48
234	190	56	47
235	189	54	47
235	189	54	47
234	189	53	48
235	187	57	49
233	190	57	47
235	190	55	47
235	190	56	49
235	188	56	48
234	189	56	49
234	190	56	48
235	187	56	50
233	191	57	46
236	188	56	49
233	188	58	48
234	190	58	46
234	188	58	47
235	189	57	47
236	188	55	48
235	188	56	48
235	188	57	47
236	189	55	46
234	189	56	47
236	189	56	46
234	188	59	48
236	188	56	47
235	187	56	48
235	188	57	47
234	187	59	50
233	187	60	50
234	188	59	48
234	185	58	50
235	187	59	49
235	186	59	50
236	187	57	49
236	188	55	48
236	187	55	48
235	188	56	49
233	187	57	50
234	186	55	50
233	187	56	51
233	187	57	50
235	189	54	48
233	187	54	50
232	187	55	49
231	187	56	50
230	188	56	49
231	188	55	49
230	187	55	50
231	189	54	49
229	188	54	49
230	189	56	49
229	189	55	49
229	189	58	50
229	189	56	49
229	189	58	49
230	188	56	50
230	189	56	51
228	190	57	49
228	190	58	49
226	191	59	48
228	190	57	49
229	192	54	47
229	191	52	49
230	191	50	48
227	192	52	47
228	194	50	45
226	195	52	44
227	195	51	44
226	194	52	45
224	195	55	43
225	195	54	44
224	195	56	44
222	194	57	45
224	193	56	45
221	194	58	45
222	193	58	45
223	193	57	45
225	192	54	46
221	191	57	45
223	191	56	46
224	191	55	46
221	191	57	46
224	191	56	46
224	193	54	46
226	193	53	45
225	192	51	46
224	193	53	46
224	191	54	47
223	192	55	46
223	191	54	47
223	191	55	47
223	192	54	46
223	191	54	47
222	191	54	47
222	192	56	47
222	190	55	48
222	190	55	48
223	190	55	48
223	191	57	48
223	190	56	48
223	191	57	48
222	190	56	47
222	190	55	47
223	190	55	48
222	191	54	47
222	191	55	46
222	190	57	46
221	190	56	47
221	191	57	46
223	190	56	47
222	191	56	46
221	190	55	47
221	190	57	47
221	189	55	48
221	190	56	46
220	189	54	47
221	189	54	48
220	188	55	48
221	189	55	47
221	188	54	48
221	189	54	48
222	188	54	47
220	188	54	48
220	190	56	47
218	188	55	48
215	188	56	49
216	188	55	49
215	188	55	49
215	188	55	49
215	187	55	49
214	188	54	48
211	189	56	48
211	190	56	47
211	189	57	48
209	190	58	48
210	189	56	49
209	189	56	49
209	189	55	50
210	190	54	48
210	188	53	50
208	190	56	48
210	189	53	49
210	189	52	48
209	191	55	47
208	189	55	49
208	189	57	49
207	189	58	49
207	189	57	48
205	190	59	48
206	189	58	49
204	190	58	48
206	189	57	49
203	190	58	49
204	190	57	48
204	190	57	47
203	190	57	48
201	191	59	48
201	190	58	50
200	191	58	50
200	191	61	49
198	191	63	48
198	190	62	51
198	190	63	52
199	190	62	52
197	189	62	52
199	190	61	52
199	190	59	51
201	191	57	49
201	191	57	50
200	191	57	51
201	192	56	51
200	192	58	50
200	191	58	50
200	191	58	50
196	192	61	50
200	192	58	50
198	191	58	51
199	192	60	51
198	191	60	50
198	191	61	51
198	190	62	51
197	190	63	51
197	190	61	51
196	191	64	51
195	191	64	50
195	189	64	52
194	189	65	52
193	188	65	52
193	188	63	53
194	188	62	53
195	188	61	53
195	190	61	50
191	190	64	50
193	192	62	49
190	192	63	49
192	191	62	49
192	191	63	49
192	191	63	50
191	190	64	51
193	191	62	51
190	191	66	50
192	191	63	51
191	190	64	51
192	190	63	51
190	190	66	52
190	190	67	52
191	190	66	52
190	189	65	53
190	190	65	53
192	191	65	51
190	190	65	52
192	190	64	52
191	190	64	52
191	190	62	52
189	190	63	52
188	191	64	53
188	191	64	53
187	191	67	52
185	192	69	51
187	191	66	51
186	191	67	51
186	191	65	51
185	191	67	51
185	191	66	50
185	191	63	50
182	191	66	50
185	191	64	50
181	191	66	50
183	191	63	51
184	192	65	50
181	190	65	52
181	190	67	51
185	191	58	51
184	190	63	51
181	191	64	51
181	191	59	52
185	192	56	51
186	192	50	51
188	192	50	50
186	193	49	50
185	192	55	50
185	193	52	50
185	192	52	51
186	192	50	50
186	192	52	50
187	193	52	50
187	192	50	50
187	192	53	50
187	192	49	50
188	192	47	50
188	191	48	51
187	191	48	51
186	193	48	50
187	192	47	50
187	193	47	49
187	193	48	49
187	192	48	51
186	192	49	50
184	194	51	49
183	193	52	50
181	193	56	49
181	192	56	50
184	194	49	49
182	193	52	49
181	193	52	49
179	193	54	49
179	193	54	49
178	193	54	49
177	193	56	50
178	192	54	50
178	193	55	49
179	193	54	49
178	193	53	49
177	194	54	49
178	194	51	49
180	194	50	49
179	194	51	49
179	194	51	49
179	193	51	50
178	194	51	49
176	194	53	50
178	194	52	49
179	194	50	49
180	193	50	50
180	194	49	50
178	194	50	49
176	196	50	48
176	195	49	48
175	195	51	48
175	194	50	49
174	195	51	49
173	194	52	50
173	194	53	51
172	193	53	52
172	194	60	52
171	193	65	54
170	192	55	54
172	193	53	53
171	194	54	53
174	195	62	55
175	195	65	54
174	196	67	55
174	198	62	53
172	198	61	53
171	197	59	54
172	199	58	53
168	196	59	54
166	196	63	53
164	197	64	52
165	194	60	54
166	195	58	52
165	194	57	52
167	193	58	53
166	192	58	53
168	192	56	52
167	193	57	53
167	192	60	53
169	193	59	52
168	193	58	52
168	193	58	52
168	193	59	52
168	193	60	52
168	193	60	52
168	193	62	52
166	192	60	52
169	193	60	52
168	192	63	52
168	192	64	52
168	192	64	53
168	192	66	52
168	191	65	53
168	192	63	53
167	193	64	53
167	193	60	53
165	193	64	53
166	193	63	53
164	193	60	54
166	193	56	52
166	193	54	52
166	192	53	53
168	192	50	52
166	192	51	53
165	192	53	53
165	191	54	54
164	192	57	54
163	192	58	54
164	193	56	53
162	192	58	54
161	192	59	52
162	193	61	53
161	193	63	52
162	192	62	53
162	193	64	53
163	192	63	53
161	192	67	54
162	192	66	53
158	193	70	53
160	192	67	53
161	193	66	53
160	193	68	53
158	193	70	52
158	193	69	52
159	193	69	53
157	193	72	52
155	193	72	53
155	193	71	53
156	192	69	54
156	194	69	53
153	193	71	53
154	194	71	54
151	194	70	53
148	193	75	55
149	194	69	53
152	193	71	54
151	193	73	54
152	194	73	54
153	195	69	54
152	194	72	54
152	194	73	55
152	195	72	54
152	194	72	54
151	194	71	53
153	194	70	54
150	193	72	54
150	193	76	54
152	194	70	52
152	192	75	53
152	193	76	51
152	192	76	52
151	191	79	53
150	192	78	54
151	191	77	55
150	192	78	54
152	192	74	53
152	193	71	52
152	192	72	53
153	191	71	53
152	191	72	53
152	190	68	53
152	190	69	52
152	189	67	54
152	189	63	54
151	188	63	55
152	189	63	54
152	189	61	55
152	189	61	54
153	190	61	54
152	189	60	55
151	188	62	55
151	188	61	55
152	188	58	55
152	188	58	54
150	189	60	55
150	189	63	54
149	189	63	54
151	192	61	52
149	190	63	53
149	192	60	52
150	191	61	53
149	191	63	53
148	191	61	52
149	191	61	51
149	190	60	52
149	191	62	52
147	189	62	54
148	189	61	54
149	190	63	54
147	189	62	54
150	190	60	53
149	190	60	54
151	190	58	53
150	190	59	53
150	190	60	53
150	190	58	54
150	190	60	53
150	190	58	53
149	190	58	52
149	190	59	54
148	189	58	55
148	188	56	55
148	189	57	54
148	189	56	56
149	189	55	55
150	190	57	54
151	189	54	55
151	189	53	54
151	189	54	54
147	188	57	55
147	188	57	54
148	189	56	53
149	189	55	54
148	189	55	55
147	189	56	54
146	188	57	55
147	188	55	55
147	189	57	55
148	189	54	56
148	189	53	55
144	187	57	56
145	188	58	54
146	187	57	56
143	189	59	54
143	188	60	55
139	191	64	53
140	190	63	52
139	190	63	53
140	191	63	51
142	190	61	52
143	190	61	52
142	190	61	51
142	190	59	52
143	190	60	52
143	188	58	53
143	190	61	51
141	190	62	51
143	189	61	52
142	189	61	52
144	190	59	52
144	188	59	53
144	189	59	52
144	189	60	51
143	189	60	52
144	190	61	52
145	190	58	52
142	190	61	53
145	189	58	53
143	189	59	53
143	189	59	53
143	189	59	53
141	188	60	54
141	188	60	53
141	187	59	55
141	186	59	54
139	186	62	54
139	186	63	54
142	186	59	55
140	187	62	53
141	186	61	54
140	187	61	53
139	188	64	52
138	191	67	52
139	192	66	51
139	191	62	51
140	191	63	51
140	191	64	51
141	192	63	50
140	191	62	51
140	191	62	51
141	191	62	51
140	189	62	53
140	188	61	54
140	190	59	52
140	189	62	54
135	185	60	58
135	185	61	57
136	187	62	55
136	184	61	56
135	186	62	55
135	184	59	56
135	187	63	54
135	184	60	55
136	188	63	54
135	185	60	55
134	186	62	55
135	186	63	54
134	188	63	53
135	188	64	53
134	189	63	53
133	188	65	54
133	188	60	53
135	189	64	52
132	188	61	53
133	188	64	53
133	189	64	53
133	189	64	53
132	188	66	53
132	188	66	53
132	188	66	53
132	189	66	53
132	188	62	54
132	188	65	54
133	189	65	52
133	188	62	54
132	187	62	55
132	186	59	55
133	186	58	55
133	185	53	54
133	185	53	53
133	185	52	53
133	186	53	53
134	184	54	54
134	185	54	53
134	187	52	52
134	186	52	52
134	185	53	54
134	185	53	54
135	185	54	53
134	185	53	53
134	184	52	54
132	184	53	56
132	185	53	55
132	186	53	54
133	186	52	53
134	185	52	54
135	185	54	53
135	185	57	53
135	184	53	54
138	186	56	53
136	184	58	54
135	185	57	52
134	185	59	53
135	185	57	53
135	185	54	54
137	185	52	52
137	186	52	51
137	186	56	51
136	184	49	54
136	185	52	54
136	185	49	54
137	186	51	52
137	186	53	52
136	185	52	52
135	185	55	53
134	184	58	54
135	184	56	53
135	184	60	54
135	183	59	54
135	184	60	54
134	183	60	54
135	184	57	54
135	184	58	54
134	184	58	53
134	185	58	54
134	185	59	54
135	184	58	53
133	184	60	54
132	185	62	54
132	184	62	54
131	185	62	54
130	184	63	55
131	184	63	54
129	184	64	55
130	183	63	55
130	184	63	54
130	183	62	55
129	182	63	56
129	182	65	55
129	182	64	56
128	183	66	56
130	183	63	56
130	181	64	57
129	182	64	56
128	181	65	56
129	182	63	56
129	182	65	56
129	182	62	57
129	181	62	56
129	181	62	57
129	182	62	56
128	182	61	56
127	181	64	56
128	182	63	55
127	182	63	55
127	182	63	56
127	181	63	55
127	182	63	55
127	182	63	55
127	182	62	54
128	182	63	54
128	183	62	54
128	182	62	54
128	181	64	54
128	183	63	53
129	183	62	53
129	182	60	54
128	182	62	55
128	182	63	54
128	182	63	55
127	183	61	54
127	182	63	55
127	182	65	54
128	182	61	53
129	182	62	53
126	181	63	54
127	181	62	53
125	182	56	54
126	183	64	50
126	182	62	52
125	181	61	52
126	181	58	52
126	180	56	52
126	180	53	53
127	181	54	52
127	180	53	53
127	181	52	52
130	181	52	49
130	182	50	49
131	181	48	50
131	182	48	48
131	182	48	48
133	182	46	48
133	182	50	48
132	182	53	50
132	182	54	50
133	183	50	49
133	182	50	49
132	182	52	49
133	182	51	50
132	182	52	50
131	180	49	52
131	181	49	50
127	180	51	53
128	180	50	53
128	180	48	52
127	179	48	53
129	179	48	52
127	179	47	52
126	179	48	53
128	178	47	53
128	180	45	51
130	179	44	51
130	179	43	51
130	179	45	51
131	180	45	51
130	179	46	51
132	180	43	50
132	180	44	50
132	178	45	52
132	179	43	51
131	179	45	51
129	179	50	52
129	179	53	51
129	179	54	51
127	179	53	51
128	179	50	52
129	180	53	51
128	181	50	51
128	182	51	52
130	183	57	52
130	184	54	52
131	183	56	54
132	183	56	52
132	182	56	53
132	181	56	53
132	181	54	53
131	181	56	53
132	179	54	54
131	179	57	53
131	177	58	53
131	177	57	53
131	178	58	52
131	177	60	52
130	178	59	51
130	178	58	51
131	178	58	51
131	178	59	50
132	178	58	51
131	178	59	50
130	177	60	51
131	177	60	51
131	177	60	51
131	177	58	51
131	178	59	51
132	177	55	52
132	177	56	52
132	177	56	52
131	177	56	52
130	176	55	52
129	176	56	52
130	176	56	52
129	176	56	52
128	175	56	52
128	175	56	52
127	176	58	51
126	176	58	52
126	175	59	53
128	175	58	52
128	175	57	52
127	176	58	51
126	176	58	51
127	176	58	51
125	176	60	51
127	176	57	50
126	176	59	50
124	175	59	51
125	176	59	50
124	176	60	51
124	176	59	51
124	176	60	50
124	176	59	50
123	176	60	49
124	176	58	50
124	175	58	51
124	174	59	52
123	174	61	54
122	173	61	54
123	173	60	53
122	173	60	52
122	173	61	53
123	172	59	53
122	173	60	52
122	170	63	52
122	169	61	53
121	170	63	52
121	170	61	52
121	170	62	51
122	171	59	51
124	171	58	50
125	174	57	49
127	174	57	50
127	174	58	49
125	174	63	50
123	174	62	51
122	174	55	53
123	173	55	53
123	174	59	52
121	174	60	51
121	172	62	52
121	172	62	52
122	172	63	51
121	172	65	51
119	172	66	52
119	172	65	53
118	172	65	52
120	171	66	52
119	171	66	52
118	171	67	51
119	171	67	51
119	170	67	51
120	169	66	50
121	169	66	51
120	168	66	51
121	168	64	51
120	168	67	51
120	168	65	52
121	168	64	52
120	167	64	53
120	167	65	52
121	167	63	52
120	168	66	52
120	168	67	51
120	168	66	52
119	168	64	52
120	167	66	54
120	167	64	54
120	167	65	52
119	168	65	52
120	168	64	52
119	168	66	52
118	168	64	52
118	167	63	53
118	167	64	52
119	167	65	52
118	168	66	51
118	168	64	51
117	168	65	51
117	168	63	51
117	168	65	51
116	169	63	51
118	169	63	51
118	169	64	51
117	168	63	51
118	169	63	50
117	168	63	51
118	168	62	52
119	168	61	51
118	168	64	52
116	168	66	52
118	168	63	51
119	167	62	53
117	166	62	54
116	168	64	51
118	169	63	52
118	168	62	51
118	168	63	51
116	168	65	51
115	169	68	50
115	168	68	51
115	167	69	52
116	167	69	52
115	166	69	53
117	167	68	53
116	166	69	54
116	166	67	55
117	165	66	54
118	166	66	54
119	166	66	53
118	166	65	54
117	166	67	55
117	165	66	55
118	165	64	54
117	166	63	54
117	166	63	53
116	167	62	53
117	166	61	53
117	167	60	52
116	168	61	50
118	168	59	50
118	168	58	50
118	168	58	50
117	168	59	49
117	168	60	49
117	167	61	50
117	166	61	51
117	166	61	52
117	166	61	52
115	166	62	52
114	165	63	53
114	165	63	52
113	165	62	53
114	165	63	53
113	165	63	53
115	165	61	54
115	165	62	54
113	166	61	54
114	164	60	55
115	164	58	55
116	165	57	54
116	164	56	55
116	164	55	55
117	164	54	54
116	166	56	53
116	165	56	54
116	165	56	53
114	166	59	53
115	166	58	53
115	165	58	53
114	166	59	53
115	165	60	53
113	166	63	52
111	166	63	53
112	166	64	52
111	166	63	53
112	166	64	53
112	166	64	52
109	165	65	54
109	168	62	51
108	167	64	52
106	169	65	51
107	168	64	53
108	168	64	53
106	168	65	53
106	168	62	53
105	167	63	54
104	168	63	53
105	168	62	54
105	167	61	54
104	168	61	52
105	168	63	53
103	168	65	54
103	167	64	53
100	167	65	52
100	168	65	52
102	168	62	51
103	168	62	51
103	168	61	51
105	168	60	52
103	167	62	52
102	167	64	52
100	166	64	52
99	166	65	53
98	167	67	53
101	166	64	54
102	166	61	53
103	166	61	51
103	167	59	51
103	167	61	52
103	168	62	50
102	169	64	50
102	168	65	51
104	168	64	50
104	168	63	50
106	168	61	50
106	167	61	50
105	166	62	50
104	168	65	48
105	166	63	50
102	167	65	50
103	165	65	52
102	165	67	53
103	165	66	52
104	164	67	53
103	165	67	51
102	165	67	51
103	164	68	52
100	165	70	51
101	165	71	51
98	165	73	52
100	167	71	51
100	164	71	52
102	165	69	51
103	168	68	48
103	168	68	48
103	168	67	47
101	169	69	47
100	168	70	47
101	167	69	48
100	169	70	46
102	170	66	45
103	169	64	46
105	172	61	43
106	172	60	42
107	172	55	42
109	172	55	42
110	172	54	42
109	172	55	42
109	173	54	41
111	173	53	40
108	172	56	42
107	172	56	43
106	171	57	44
104	165	65	50
106	164	62	51
103	163	64	52
102	163	67	52
105	164	66	52
104	163	67	51
106	163	64	51
105	162	66	52
106	163	63	50
107	163	60	51
107	163	62	51
109	162	60	51
107	162	61	52
107	162	63	51
106	162	62	51
108	161	61	52
107	161	62	52
110	161	61	51
108	161	63	52
109	161	61	52
110	161	61	52
109	161	61	51
109	161	62	52
109	161	62	51
110	161	61	52
108	161	62	51
110	161	61	52
109	162	62	53
109	159	62	52
107	160	63	52
105	159	64	54
106	158	65	55
107	159	64	54
105	158	66	55
107	159	65	54
107	159	65	54
108	159	65	53
107	160	67	54
110	159	62	54
111	159	63	53
114	159	60	53
115	159	59	53
116	160	60	53
118	162	57	50
119	160	57	51
119	160	58	51
118	161	60	51
119	160	60	50
119	159	61	51
118	156	60	52
119	159	60	51
117	156	61	52
119	156	60	51
118	155	60	51
117	156	61	52
118	155	60	52
119	155	60	51
118	153	60	51
118	153	59	51
117	151	60	52
117	150	58	52
117	150	58	52
116	150	59	52
117	150	58	52
116	150	60	52
115	149	60	52
115	152	62	52
114	149	62	53
116	150	60	52
116	151	62	50
116	151	61	51
116	150	61	52
116	150	61	52
117	151	62	51
116	151	61	52
116	152	61	51
115	151	62	53
116	151	61	52
116	151	60	52
116	151	59	53
114	151	59	53
114	151	58	53
112	149	61	55
111	150	61	54
112	150	60	54
112	150	60	54
112	149	59	55
113	150	58	54
112	150	59	54
112	150	58	53
115	151	60	53
115	151	59	53
114	150	61	53
113	151	61	53
113	150	61	53
114	151	60	50
113	151	59	51
113	150	60	52
113	152	59	50
115	151	58	52
113	151	60	51
112	151	60	50
112	150	63	51
114	150	60	52
116	150	58	51
117	150	56	52
116	152	57	50
115	151	56	50
113	149	58	52
112	150	58	52
113	150	57	52
113	150	58	52
115	150	57	51
114	150	59	51
115	149	58	51
113	150	62	50
113	148	59	52
110	146	61	53
111	147	62	53
111	147	58	53
113	147	56	52
114	149	58	51
115	148	57	51
117	149	56	50
117	147	55	50
118	147	55	51
119	146	54	51
117	146	57	51
119	146	57	50
120	147	54	50
120	147	54	50
119	147	55	49
117	148	56	49
116	148	58	49
116	148	58	49
117	148	59	48
119	148	57	48
118	148	59	48
117	147	58	49
118	147	57	49
116	147	57	50
117	147	56	50
118	148	56	49
118	147	58	50
118	147	56	50
120	147	55	49
119	146	57	50
119	148	58	48
120	144	58	52
122	146	57	49
122	146	57	49
121	146	57	48
122	146	58	48
120	145	58	49
118	146	60	49
118	146	59	49
117	145	58	50
119	146	58	49
120	146	58	49
122	146	55	49
124	145	55	49
125	146	57	48
122	145	58	49
122	145	58	49
124	145	56	49
122	144	60	51
122	143	61	50
122	143	61	50
123	143	62	49
122	143	64	50
122	143	63	48
120	141	64	49
118	140	66	50
119	139	66	51
118	139	66	51
118	140	68	50
117	139	66	51
115	138	64	51
114	137	65	53
115	138	62	53
117	139	60	52
118	140	60	51
114	140	63	50
114	140	62	50
111	139	66	51
111	138	67	52
109	139	68	51
107	138	71	52
118	139	62	51
113	138	66	53
110	138	69	52
111	138	66	52
117	139	62	51
116	138	63	52
117	140	60	50
120	139	59	50
118	139	61	50
124	139	59	50
121	138	60	50
123	137	59	51
121	137	63	51
122	136	60	51
123	137	59	51
119	137	64	52
117	136	65	52
110	137	72	51
115	137	64	53
107	137	74	53
113	139	67	52
104	137	77	54
103	136	77	54
108	136	74	54
121	134	58	54
121	135	60	53
119	135	62	53
122	133	58	55
122	134	59	54
122	134	59	54
122	135	59	52
124	135	56	52
122	135	59	53
124	136	56	51
123	135	56	52
122	135	58	53
123	135	58	52
123	135	58	53
124	134	56	52
122	134	57	54
123	134	56	52
126	135	54	53
125	136	57	51
125	136	55	52
121	136	59	53
114	136	66	52
111	137	69	53
117	136	62	52
121	136	57	52
122	135	59	52
119	135	61	51
120	136	61	50
122	135	56	51
123	135	55	51
123	135	55	51
123	135	55	51
121	135	56	50
122	135	56	50
121	136	59	49
122	133	61	51
122	133	58	52
121	134	59	51
121	134	60	50
121	134	60	51
123	133	59	51
124	133	58	52
123	133	58	51
121	132	60	52
121	133	60	53
122	132	60	53
121	132	61	52
122	132	63	52
120	132	65	51
120	131	66	52
120	132	64	52
120	133	62	51
123	130	63	53
121	132	62	51
123	130	64	52
121	132	65	51
121	131	66	51
122	131	65	50
122	132	62	50
125	131	60	51
123	132	61	49
123	133	60	49
124	131	58	50
125	131	56	50
124	131	57	51
123	131	57	50
124	131	57	51
122	132	59	49
124	131	57	50
125	130	56	52
126	131	54	51
126	130	52	52
124	130	55	51
127	129	52	53
126	129	54	53
127	129	53	53
128	128	52	54
127	128	53	54
129	128	51	55
127	128	53	55
128	128	55	54
127	126	56	56
128	128	52	55
127	128	53	54
128	128	53	54
128	127	56	54
127	126	56	55
125	127	55	55
125	126	55	55
126	128	54	54
130	127	50	53
128	124	50	56
130	126	48	54
128	125	50	56
129	126	50	54
131	125	48	54
129	125	48	55
128	125	50	54
129	126	48	54
129	126	47	54
129	127	46	54
130	127	45	54
130	127	45	53
130	127	47	52
128	127	48	53
128	127	49	53
126	128	52	52
127	128	55	52
128	128	55	51
128	128	54	51
127	128	56	52
127	128	54	51
127	128	56	52
125	129	56	50
127	128	53	52
127	128	54	52
127	128	54	52
126	129	53	51
125	129	50	53
126	127	49	55
126	128	50	52
123	128	50	54
125	127	53	53
126	127	52	52
126	126	52	53
125	128	52	53
123	127	52	54
127	127	48	51
125	126	51	52
125	126	53	52
125	128	53	51
125	127	53	52
123	128	58	50
123	127	58	51
122	127	59	50
123	127	58	50
122	127	60	50
121	127	59	50
122	127	60	50
122	128	56	49
123	127	58	49
127	128	51	50
122	128	54	50
124	127	59	51
124	128	63	51
123	127	67	51
123	128	68	50
123	128	61	51
124	126	60	51
124	126	56	52
125	126	53	53
123	126	62	52
122	127	59	52
123	128	54	51
125	127	57	52
128	127	55	52
126	126	61	52
126	126	61	51
127	127	61	51
127	126	60	51
128	126	55	50
130	126	57	50
130	127	56	50
130	128	57	49
132	127	57	49
132	127	56	49
132	127	58	48
132	127	52	50
130	126	55	51
132	126	50	50
131	126	50	51
135	125	46	51
134	126	48	51
133	126	48	51
133	126	51	50
132	125	54	51
133	126	54	50
134	126	56	50
132	124	62	51
134	125	58	52
134	124	56	52
135	124	58	51
134	123	58	51
134	121	57	53
134	124	57	51
134	125	54	50
134	123	54	51
132	125	53	50
132	124	55	50
132	125	52	50
132	124	55	51
133	126	52	50
131	124	57	52
132	122	56	54
133	125	48	51
131	124	54	52
131	125	51	51
131	125	45	51
132	124	47	52
129	124	50	52
128	123	55	52
128	124	56	51
129	123	54	51
131	125	49	48
131	124	49	49
130	122	51	52
130	122	54	51
131	124	52	50
131	125	58	48
131	125	58	47
133	124	57	47
135	122	52	51
133	122	55	51
133	123	49	51
133	124	49	51
132	124	53	50
133	126	54	47
130	125	55	48
136	128	52	46
136	128	49	44
140	127	44	46
144	127	39	46
143	123	38	50
141	125	41	47
144	126	41	46
141	120	44	53
143	118	37	55
141	119	45	54
141	118	56	52
141	118	59	53
141	118	56	54
142	118	55	54
143	117	51	56
143	117	55	54
142	118	56	55
142	118	57	54
143	119	51	53
141	121	49	49
142	116	61	47
142	117	61	48
142	115	57	50
138	118	52	48
143	117	45	46
137	117	53	45
142	113	47	52
140	113	52	52
142	112	46	55
140	113	54	50
141	113	54	49
140	113	59	48
141	114	57	48
139	114	58	49
143	114	64	46
142	113	64	47
142	114	57	48
140	115	63	45
143	114	65	46
146	115	62	43
142	112	66	46
143	113	64	47
145	113	62	47
145	112	64	46
146	111	64	46
146	109	57	49
146	110	59	49
148	109	57	50
149	110	54	49
149	109	55	48
149	109	55	49
150	109	52	49
147	108	52	49
148	109	60	47
147	108	57	49
147	108	60	49
147	108	60	48
147	108	58	48
147	108	59	49
146	108	59	49
148	107	58	50
146	108	59	49
148	109	58	49
144	108	64	49
144	108	63	50
145	108	62	49
146	109	61	48
145	107	61	49
144	107	60	49
144	108	61	50
144	107	59	51
147	106	54	50
148	106	58	51
147	106	54	53
149	106	52	52
148	105	54	54
150	106	51	52
151	107	52	53
149	105	56	53
150	106	51	53
150	104	49	55
152	104	51	54
151	105	51	54
153	105	49	54
152	104	47	55
153	105	50	55
154	105	49	53
153	106	52	52
151	105	51	53
153	105	49	53
152	106	51	52
151	106	53	52
152	105	52	51
152	107	52	50
151	106	53	51
151	107	60	47
148	106	62	49
144	106	65	51
148	105	58	52
151	106	51	53
143	107	59	51
147	105	56	52
151	104	51	54
154	103	45	55
142	105	58	53
139	104	64	55
140	105	66	53
141	104	66	53
139	106	68	52
152	105	56	51
158	106	52	50
158	106	53	49
156	106	54	49
154	105	55	50
159	105	51	50
159	106	51	48
157	105	52	47
157	105	53	47
152	104	57	46
140	104	67	49
140	104	62	48
138	103	67	52
138	103	66	55
138	101	65	57
139	101	64	56
138	101	64	58
139	101	64	57
138	101	64	57
139	100	61	58
138	100	64	58
138	100	63	58
138	102	64	57
137	102	71	56
136	101	64	56
140	100	59	58
137	100	60	57
135	100	62	56
136	99	60	57
134	99	63	55
133	100	62	55
133	100	64	55
131	100	68	55
134	103	75	53
128	102	82	51
131	102	73	54
133	100	73	55
134	102	77	54
137	102	76	53
137	102	75	54
138	102	73	53
141	104	69	52
138	101	76	54
139	101	77	54
140	100	74	54
146	101	66	51
142	102	71	51
140	102	74	52
141	101	72	54
141	102	71	52
139	103	74	52
158	100	56	54
162	101	52	51
165	102	47	50
164	100	49	51
165	101	42	50
167	101	43	51
160	102	45	49
157	99	50	52
158	99	49	52
157	99	49	52
165	101	47	50
160	98	48	53
153	98	55	52
152	98	54	53
155	98	53	54
153	98	52	53
152	97	54	55
154	97	56	55
159	97	53	54
165	98	44	53
168	97	45	53
163	98	51	53
161	97	50	54
156	98	54	53
159	98	55	53
154	100	56	53
156	97	52	53
155	97	52	54
164	98	46	53
169	100	37	51
171	111	35	41
172	117	35	31
172	117	34	31
172	117	35	31
176	116	29	32
175	116	30	33
177	116	29	32
178	115	27	34
177	115	29	34
178	116	28	34
174	117	32	31
174	117	32	31
174	116	33	31
174	114	33	33
174	113	35	35
173	114	32	33
172	112	34	35
175	113	32	33
173	113	32	35
173	114	33	34
174	115	30	33
176	113	28	35
174	114	30	33
175	115	28	33
176	114	26	32
178	117	23	30
178	118	24	29
176	117	27	30
175	116	30	30
176	117	27	29
175	117	29	28
175	116	28	30
176	115	26	32
176	115	26	32
176	117	30	30
170	119	35	28
167	117	40	31
169	113	39	35
168	103	38	47
165	102	40	47
165	99	38	50
164	98	39	51
165	98	38	51
166	98	36	50
166	98	36	51
164	98	40	51
166	97	38	52
164	99	46	50
166	98	46	50
166	98	45	50
167	99	49	49
167	99	48	48
167	97	51	50
165	99	54	48
165	99	53	48
165	97	50	50
166	96	46	51
166	95	46	53
165	96	43	52
164	95	40	52
165	98	41	51
164	98	42	50
164	98	43	51
164	96	44	53
164	99	44	51
165	96	43	52
165	96	43	53
166	97	44	52
167	97	42	52
165	95	44	55
163	93	43	57
162	90	45	60
161	88	45	61
157	83	51	65
159	89	49	60
164	90	44	58
173	96	36	53
171	96	40	53
174	95	39	52
159	86	50	60
167	93	43	54
167	95	46	54
169	92	42	56
169	89	43	60
167	92	44	57
169	91	42	58
169	89	41	60
170	89	40	60
170	87	42	63
167	86	45	62
166	88	42	63
163	86	46	64
165	88	41	62
165	90	42	59
166	90	40	60
165	90	41	59
166	91	41	57
166	94	42	56
167	96	44	54
170	96	41	53
167	92	43	55
169	94	42	54
169	94	41	54
165	93	45	55
167	93	43	55
170	96	42	53
170	97	44	51
169	96	47	53
168	93	51	55
167	96	50	53
168	97	45	51
168	97	42	52
168	97	46	50
167	97	42	51
168	100	45	49
167	99	46	49
169	99	43	48
167	99	42	48
167	96	44	50
170	98	43	49
170	97	43	49
169	96	44	50
166	91	45	55
164	90	46	58
163	88	48	58
164	90	48	56
162	88	47	58
163	90	48	56
162	89	48	57
162	89	47	57
161	88	47	57
163	89	46	56
164	89	45	56
167	91	44	54
165	91	45	54
165	91	46	55
164	91	47	55
165	91	47	53
165	92	46	53
164	92	48	53
165	92	48	53
164	92	49	54
163	91	49	53
164	91	48	53
164	92	48	53
163	90	48	54
163	90	48	54
163	90	47	54
160	90	49	53
159	89	52	55
162	91	49	53
158	90	52	54
162	92	50	52
160	90	50	54
161	90	50	53
162	92	51	52
167	93	46	51
166	93	52	52
165	92	57	53
166	93	58	51
167	93	50	51
169	92	48	51
166	91	48	52
169	93	44	51
170	90	43	53
168	90	44	52
169	91	45	52
169	91	44	52
168	90	43	53
167	89	46	54
167	91	46	53
167	90	44	53
169	90	42	53
167	90	45	52
168	90	45	52
168	91	48	52
168	92	53	50
170	90	49	50
168	91	51	50
168	91	49	51
168	91	47	52
170	91	44	53
163	89	52	54
172	90	47	52
173	91	47	51
172	92	46	49
166	93	46	51
168	92	45	51
168	92	45	50
170	92	46	49
171	93	48	49
172	91	49	51
170	92	53	49
171	90	50	49
172	91	48	49
172	92	48	50
173	93	47	49
173	91	49	49
167	91	50	48
162	91	54	50
174	91	52	49
173	92	54	48
172	92	51	49
173	91	55	49
175	91	50	50
178	92	47	49
177	87	49	53
177	88	53	52
177	89	54	50
178	89	53	49
177	89	51	49
177	89	46	50
177	88	46	51
177	86	51	51
178	87	49	50
179	87	53	49
175	88	54	48
178	89	49	46
178	89	52	46
176	91	50	45
176	88	51	48
176	87	51	48
177	87	52	48
176	86	52	49
176	87	52	48
176	87	52	48
175	86	52	49
176	86	53	50
176	86	55	50
174	84	55	52
177	83	52	52
174	83	56	51
175	83	57	52
176	84	55	51
177	84	56	51
178	85	54	50
176	85	55	51
176	85	55	50
178	86	54	49
175	85	56	50
178	86	56	49
177	86	55	49
176	85	58	49
175	85	56	50
173	84	57	51
169	84	61	51
158	83	72	52
158	84	70	53
163	84	64	52
157	84	68	52
172	82	59	52
173	83	58	52
176	83	55	50
177	84	55	50
177	84	57	49
178	85	54	49
176	83	57	51
175	82	59	52
176	83	59	51
174	83	62	50
175	84	61	49
175	83	61	50
176	83	60	50
175	83	60	50
175	83	60	51
175	83	58	50
174	83	58	50
175	83	58	50
175	83	57	50
176	82	55	50
174	82	55	49
176	83	50	49
176	83	49	50
175	83	48	50
175	82	48	49
174	83	49	50
172	83	51	49
172	84	53	49
172	83	55	50
173	83	55	49
173	83	55	49
172	84	56	48
173	84	54	49
173	83	54	50
171	83	54	50
172	82	55	51
170	82	57	52
168	81	60	51
167	81	62	51
164	81	62	51
166	80	63	52
169	79	62	52
169	79	63	51
169	78	63	52
168	79	65	50
171	78	61	51
169	78	60	53
168	78	58	52
167	77	60	53
167	78	62	50
168	79	59	51
168	79	60	50
170	79	57	50
173	79	55	49
171	78	56	52
171	79	58	50
172	80	57	49
169	80	57	50
172	79	54	51
171	80	54	52
169	80	55	50
168	80	55	51
168	80	54	50
167	80	56	50
168	79	55	50
167	80	58	50
167	80	54	50
167	79	53	51
167	77	53	52
166	78	56	51
166	78	54	50
168	79	54	50
169	78	54	50
168	78	53	51
169	79	53	51
169	78	53	52
169	78	57	51
167	78	61	49
166	78	62	48
164	78	63	49
164	78	64	49
