570	230	130	125
583	240	114	113
583	240	113	111
583	240	112	111
585	242	111	111
583	242	111	110
586	243	108	109
584	240	109	110
587	239	108	109
591	239	107	107
593	236	105	107
595	235	106	108
597	235	105	105
599	236	106	105
601	235	105	104
602	234	106	105
603	233	106	105
602	231	108	106
598	229	113	109
597	225	117	115
598	225	115	115
600	226	115	115
600	226	115	114
600	226	116	114
601	225	116	114
603	226	117	114
605	226	115	113
606	226	115	113
608	227	114	113
609	227	113	112
610	229	110	109
612	229	109	110
611	229	109	110
611	230	109	107
612	231	108	107
613	232	109	107
613	232	109	106
614	232	109	107
613	231	110	108
611	228	113	111
607	226	115	113
606	225	118	115
607	226	116	115
606	227	116	115
606	226	117	114
606	227	116	113
607	228	116	112
609	228	114	113
610	229	114	112
612	230	112	111
612	230	111	111
612	231	112	110
611	232	111	110
610	232	113	109
611	233	112	109
611	233	111	108
613	233	110	107
613	234	110	108
614	234	108	106
616	234	107	106
614	233	110	107
612	232	112	109
611	229	113	111
607	227	116	114
605	226	117	115
605	226	117	115
605	228	116	114
605	228	115	113
606	229	114	113
608	229	112	113
607	230	113	112
608	231	113	112
608	230	113	112
608	230	112	112
608	231	113	111
607	232	113	110
608	231	111	112
608	232	111	111
609	233	109	110
609	234	110	109
610	233	110	108
610	234	110	108
611	233	109	108
612	232	107	109
612	231	108	109
610	232	110	110
608	230	112	111
606	229	115	112
605	227	116	115
603	225	117	115
604	225	117	115
605	225	115	114
607	226	115	113
606	226	117	113
608	226	116	113
609	226	114	111
612	227	113	110
612	226	112	111
613	227	111	109
611	227	113	110
614	228	110	108
615	228	109	108
615	227	109	108
615	227	110	108
617	228	109	107
615	228	110	107
615	228	110	107
617	228	109	106
615	228	110	107
614	227	112	108
612	226	114	110
608	223	118	114
607	223	119	115
606	224	119	115
608	224	117	115
608	224	116	114
609	225	115	113
610	225	115	113
611	226	114	113
610	226	115	113
611	227	113	111
613	229	111	110
613	228	111	110
613	228	111	109
614	229	110	107
614	229	109	107
615	230	110	107
617	231	107	107
616	232	108	106
616	232	108	106
618	232	107	106
617	231	108	107
616	230	109	108
610	226	117	112
610	226	116	115
610	226	116	114
611	228	115	113
610	228	115	113
611	228	115	113
612	228	116	114
613	228	115	113
615	230	112	111
615	230	112	111
616	230	112	111
615	231	111	111
615	231	111	111
615	231	112	111
614	230	112	111
616	230	112	110
616	230	112	110
616	231	110	109
616	230	110	108
617	230	109	108
617	231	110	108
617	230	109	108
618	230	110	108
610	227	114	113
607	227	117	114
600	227	117	115
595	230	118	115
593	229	119	117
591	231	120	117
592	233	118	116
592	234	117	115
593	234	117	115
592	234	117	115
593	235	115	115
592	237	115	114
590	239	113	113
586	241	114	113
585	242	113	113
585	244	113	112
587	245	111	111
588	247	112	111
593	247	111	110
595	248	111	110
596	248	111	109
599	250	109	108
600	249	110	109
602	250	108	108
597	244	117	115
594	243	118	114
594	243	116	115
595	243	115	114
595	243	115	115
596	244	116	114
597	245	115	114
597	245	116	113
598	245	114	112
598	244	116	113
598	244	116	112
599	245	115	112
598	245	115	111
600	246	113	111
601	246	112	110
602	248	112	108
604	246	111	108
604	246	111	108
605	245	110	107
608	244	108	105
607	243	109	106
609	243	109	106
610	243	108	106
611	242	108	106
609	238	111	109
607	235	114	111
601	232	118	114
602	230	118	115
605	231	115	113
605	232	116	113
609	229	115	111
610	229	115	111
611	229	114	112
613	228	114	110
613	227	113	111
614	227	113	111
615	227	112	109
615	227	111	109
615	228	111	109
617	229	109	107
617	228	109	107
617	229	109	106
619	229	108	106
619	229	108	106
619	229	109	106
618	229	109	105
619	228	109	106
617	227	111	107
615	225	114	111
614	223	116	114
613	223	116	113
613	223	116	114
613	224	115	113
613	223	116	113
615	224	115	113
615	223	115	112
616	223	114	111
617	223	113	112
618	224	113	111
618	223	113	112
620	225	110	109
621	228	109	106
620	227	111	107
621	228	110	107
621	226	110	108
622	227	110	106
622	227	110	106
623	228	109	106
622	229	110	105
622	228	111	106
622	228	111	106
621	225	112	110
618	221	118	115
616	221	118	116
617	221	118	116
617	221	118	116
618	222	116	115
619	223	115	113
619	223	114	113
620	224	113	111
620	224	114	111
620	224	113	111
620	224	114	111
621	224	114	111
621	224	113	111
622	224	113	111
622	224	111	110
623	224	110	110
623	225	111	109
625	226	109	108
626	227	109	105
626	227	110	106
625	226	111	106
623	223	114	110
620	220	117	115
620	220	117	116
620	219	118	116
620	219	118	114
620	220	116	114
620	220	117	114
622	220	115	115
623	220	115	114
624	220	115	115
624	220	116	114
625	220	114	113
625	220	114	113
626	221	113	112
626	222	112	111
626	222	112	111
627	222	112	110
628	223	111	109
628	222	111	109
630	224	110	108
630	224	110	107
630	224	110	107
631	224	109	107
631	224	111	108
631	224	111	108
629	221	112	111
626	217	118	116
626	218	118	117
626	219	117	115
628	219	117	115
629	219	116	115
629	220	117	115
630	220	116	114
630	220	116	114
631	221	115	113
630	222	116	112
630	222	116	112
631	222	115	112
633	222	112	110
634	222	111	111
634	223	111	110
636	223	109	110
635	224	111	109
636	224	112	109
636	224	111	110
636	224	111	109
636	224	111	109
633	221	115	113
631	219	118	115
628	219	118	115
628	218	118	116
628	219	119	117
628	220	118	115
628	219	118	116
629	219	119	116
630	221	116	113
629	220	118	114
631	223	116	112
632	223	115	112
631	223	114	111
631	224	114	112
632	225	113	110
634	226	111	108
634	226	112	109
634	226	110	107
635	227	110	107
636	227	109	107
637	227	108	106
636	227	109	108
634	225	113	110
631	223	114	112
626	221	119	115
626	222	118	115
626	222	118	115
627	223	117	115
627	223	116	114
627	224	115	113
628	224	114	113
628	223	114	114
629	223	115	112
630	224	113	111
629	225	113	110
629	225	112	110
629	225	113	111
629	225	112	111
629	225	112	110
629	226	112	109
631	226	110	108
630	225	111	108
631	226	110	107
631	226	110	106
631	226	110	107
630	223	112	110
627	220	117	113
626	219	118	114
627	219	117	114
629	219	115	113
629	219	116	113
630	219	115	113
631	219	113	112
631	219	114	112
631	219	114	112
632	219	114	112
632	219	114	112
634	219	113	112
634	219	112	111
634	220	113	110
634	220	112	110
634	220	112	110
635	221	111	108
635	221	112	109
635	221	113	108
637	221	112	108
638	221	111	108
639	221	111	107
639	221	110	107
639	221	111	108
635	215	117	115
634	216	119	115
635	216	117	114
635	217	117	114
636	217	116	114
637	217	116	112
638	218	115	111
638	218	115	112
639	218	115	111
639	218	114	111
640	219	113	111
641	220	112	110
640	220	113	110
642	221	111	110
641	221	112	108
641	221	112	108
642	222	112	107
642	222	112	108
643	222	111	107
644	222	110	107
645	223	110	107
646	224	109	105
645	223	110	106
643	221	113	108
642	219	117	112
641	218	118	113
638	216	119	116
638	217	120	116
638	216	120	116
639	217	118	114
640	219	117	112
641	219	115	111
641	220	116	110
641	220	115	110
641	221	114	110
641	221	114	109
641	222	113	108
642	222	111	108
642	223	110	107
642	223	110	106
644	223	110	106
645	223	109	106
644	224	110	106
645	224	110	105
644	224	109	106
645	225	110	105
643	223	112	108
642	221	115	109
641	220	116	112
640	219	116	112
640	219	115	113
639	219	115	112
640	219	115	112
641	220	115	111
640	220	116	110
641	219	115	111
642	220	114	110
642	219	113	110
642	220	113	109
643	220	113	109
643	222	112	107
644	222	109	105
646	221	109	105
645	221	110	105
646	221	110	104
646	222	109	104
646	221	109	104
647	221	110	104
647	222	110	102
646	221	113	106
646	218	112	109
644	214	117	112
644	214	116	114
645	215	116	113
645	215	116	112
646	216	117	111
646	216	116	111
648	217	115	110
649	216	115	110
649	216	115	110
653	217	113	109
652	216	114	110
651	217	114	110
653	219	112	108
653	218	112	108
654	219	112	107
655	220	110	106
654	219	112	106
656	219	110	106
657	220	110	105
659	219	109	106
658	218	111	108
657	215	113	111
655	214	116	112
656	214	116	112
657	214	116	112
657	215	115	112
658	215	114	112
658	216	114	111
659	216	113	110
659	216	112	110
659	216	112	110
660	216	111	110
659	217	112	109
660	218	110	108
659	218	110	108
661	219	110	106
661	221	109	105
661	220	110	106
662	221	109	106
661	221	109	105
662	221	108	104
662	221	108	104
659	217	113	109
658	217	115	110
656	216	116	111
657	215	116	112
657	215	115	112
657	216	114	111
657	217	114	110
657	217	113	110
656	217	114	111
657	218	112	109
658	218	112	109
658	218	112	108
658	218	112	108
658	218	111	109
659	219	109	107
660	220	109	105
659	219	109	106
660	220	110	105
662	220	108	105
661	219	108	105
660	216	112	107
659	214	114	110
657	213	116	111
658	214	115	110
657	213	115	110
658	213	114	111
658	213	115	111
657	213	114	112
659	214	112	110
661	213	111	109
663	213	111	109
663	212	111	108
664	212	110	108
664	212	109	108
664	213	109	106
664	213	109	105
665	213	109	106
668	214	106	103
669	214	106	103
669	215	106	103
670	213	107	104
666	211	113	108
664	208	115	110
663	208	116	111
664	208	115	111
664	208	114	111
664	209	114	110
665	210	113	109
667	209	112	109
667	210	112	109
667	210	112	109
668	210	111	109
668	209	111	109
668	211	111	108
669	211	110	106
668	211	109	106
669	213	108	104
670	213	108	105
670	213	107	104
670	214	108	104
671	213	107	104
672	214	106	104
672	214	106	103
671	213	107	104
669	212	111	107
667	208	113	110
666	207	115	111
664	207	115	111
664	208	115	111
664	208	116	112
665	208	114	112
666	209	114	111
665	208	114	110
664	208	115	111
665	209	114	110
664	209	113	109
664	210	112	109
665	211	111	108
665	210	111	108
666	212	109	107
667	213	108	105
667	213	109	106
667	213	110	106
667	212	109	106
667	213	108	106
666	211	109	107
666	211	110	108
662	209	114	111
660	207	117	113
660	208	116	112
660	208	116	112
660	208	116	112
660	207	116	113
661	209	114	111
663	209	113	111
663	208	113	110
663	208	113	110
663	210	112	108
663	210	113	109
663	210	112	109
665	209	111	108
665	209	111	108
666	209	111	107
665	209	111	108
666	209	111	108
667	209	111	107
667	209	111	107
666	209	113	108
665	204	116	112
662	202	118	114
661	200	120	116
662	201	119	115
661	201	118	115
661	200	118	114
662	201	118	114
662	201	119	115
664	202	117	112
665	202	116	112
666	202	116	112
667	202	115	111
667	203	114	111
668	202	113	111
667	202	115	111
666	202	114	110
667	203	114	110
668	204	113	108
669	203	112	109
672	204	111	108
672	203	112	108
671	200	115	112
668	197	120	115
667	196	121	116
668	195	119	115
668	196	119	115
669	196	119	115
670	195	117	116
670	196	118	115
670	196	118	115
670	196	118	115
672	196	117	114
671	196	117	114
672	198	117	113
672	198	116	112
672	199	117	112
672	199	116	113
673	198	114	112
672	199	116	111
673	199	115	111
673	199	115	110
675	201	114	109
676	201	113	109
675	202	114	108
674	201	114	109
674	200	114	110
672	198	116	113
669	194	121	117
670	194	119	116
671	197	118	114
672	198	117	113
673	198	117	113
672	198	117	113
674	199	115	112
674	199	116	112
673	199	115	113
673	200	115	111
672	199	115	112
672	199	114	111
673	199	113	111
674	200	113	110
675	200	111	110
675	200	112	110
674	200	113	110
675	201	112	109
676	201	112	109
675	199	114	111
674	197	115	113
673	196	118	114
671	194	118	115
672	194	119	115
671	194	119	115
671	195	118	114
672	194	118	116
673	194	117	115
672	194	118	114
673	194	117	114
675	196	116	112
675	196	116	111
674	195	115	111
674	195	115	111
674	196	115	110
675	196	114	110
676	196	115	109
677	197	114	108
678	196	114	109
678	196	113	109
678	196	114	109
677	193	116	112
676	191	118	114
673	190	121	117
671	191	122	116
672	191	120	116
672	191	118	116
671	192	120	116
671	191	120	116
672	193	120	114
671	193	119	114
672	193	118	114
673	194	118	114
673	195	117	113
674	194	116	112
673	195	115	112
671	196	116	112
672	196	115	111
673	196	114	110
673	197	114	110
673	197	114	109
673	197	114	110
674	197	114	109
670	194	119	112
668	193	121	114
667	192	119	115
667	192	119	115
667	193	120	114
667	192	120	115
667	193	119	114
667	192	117	114
667	193	117	114
667	193	118	112
668	193	118	112
668	193	117	111
666	193	119	111
667	193	119	111
668	193	117	112
667	195	117	110
667	194	115	110
667	194	115	110
667	194	115	110
668	194	114	110
669	195	113	109
669	195	113	108
670	195	112	109
669	196	113	108
669	195	112	109
666	190	117	113
665	190	117	112
664	190	118	113
665	189	116	114
665	189	116	112
665	188	115	113
665	188	115	113
666	188	115	112
666	188	115	112
666	188	115	112
666	189	114	110
667	189	114	110
667	189	114	109
668	189	112	108
669	190	113	108
669	190	113	107
670	190	112	107
670	191	111	106
671	191	111	106
673	191	110	105
673	191	110	106
672	189	111	108
668	187	117	112
667	184	119	115
667	184	119	115
665	184	119	115
665	184	118	115
665	183	118	115
667	185	116	114
666	186	117	113
665	186	117	112
666	187	116	111
666	186	116	112
666	187	116	111
667	188	114	110
667	189	113	109
668	189	113	108
668	189	113	108
668	190	113	108
670	190	112	107
670	190	111	108
673	190	111	108
673	190	111	108
671	189	112	108
670	187	115	110
667	184	119	113
667	183	119	115
667	183	118	115
667	183	119	114
667	184	118	114
665	183	120	115
666	184	117	113
667	183	118	114
666	183	118	113
666	184	118	112
667	184	117	112
667	184	116	112
667	185	115	110
666	186	115	109
667	186	115	110
667	187	115	108
667	187	115	109
667	187	114	108
667	188	115	108
669	189	113	106
669	189	113	107
667	186	116	111
666	185	119	113
665	183	120	114
663	183	121	114
663	183	121	114
663	183	121	114
663	183	120	114
663	184	119	113
664	185	118	111
665	183	116	111
665	183	116	112
665	183	116	111
666	184	116	111
666	184	115	111
666	185	115	110
667	185	114	110
667	185	114	109
668	185	113	109
669	186	113	107
670	186	112	107
670	186	112	108
671	186	111	108
672	186	112	108
673	186	111	107
671	184	115	110
670	182	116	112
669	182	117	112
668	181	117	112
668	180	116	111
669	181	116	110
669	181	117	111
669	181	117	110
670	182	116	109
671	181	115	110
671	182	114	110
671	182	115	110
672	182	113	110
673	183	113	107
672	183	113	107
673	183	113	107
673	184	111	105
674	184	112	106
674	184	111	105
675	184	111	105
675	184	112	104
674	184	112	104
675	183	113	106
671	179	118	110
671	179	118	111
670	180	119	111
670	180	119	111
669	179	119	112
669	179	120	112
670	178	119	112
671	180	117	110
672	179	116	111
672	180	116	111
673	181	116	109
673	181	116	108
672	181	116	107
672	182	116	107
673	183	115	106
673	182	114	106
674	182	113	106
675	182	113	106
675	182	113	106
675	182	113	106
675	182	113	107
672	179	118	110
672	179	118	110
670	179	119	111
670	178	119	112
670	177	120	113
670	178	120	113
670	178	120	113
670	178	120	112
670	177	119	113
670	178	119	112
669	178	118	113
670	178	118	113
670	180	117	111
670	180	116	110
669	181	116	109
669	181	116	109
669	181	116	108
670	181	115	108
671	181	114	108
672	181	113	108
672	183	113	108
669	180	117	111
666	178	119	113
665	178	119	114
665	178	120	114
665	178	121	114
665	178	121	114
665	177	121	114
667	178	119	112
667	178	118	111
668	178	118	112
669	177	117	112
669	178	118	111
669	178	118	110
670	178	117	110
670	178	116	111
671	178	115	109
672	179	116	109
672	178	115	109
674	178	114	109
674	179	114	107
675	179	114	107
675	180	113	106
675	181	112	106
676	180	114	107
675	178	116	109
671	174	119	114
670	173	119	114
670	174	119	114
670	174	119	113
672	174	118	112
673	174	118	113
674	174	118	112
675	175	117	111
674	174	117	112
675	176	117	110
676	176	116	109
676	175	116	110
676	176	115	108
676	176	115	109
677	176	114	108
678	177	113	107
679	177	112	107
679	178	112	106
680	178	111	107
680	178	112	106
678	176	115	109
674	172	120	115
674	173	119	115
672	172	120	115
672	172	120	115
673	172	120	115
673	173	120	115
674	174	118	113
674	174	118	113
675	174	117	111
675	174	117	112
676	174	116	111
676	175	116	111
676	176	114	109
676	177	112	107
676	178	113	107
678	177	111	108
679	178	111	107
679	178	111	107
678	178	111	107
675	176	114	110
673	175	118	113
670	173	120	115
670	173	119	114
670	173	120	114
670	173	118	114
670	174	118	113
672	174	116	113
672	174	115	112
673	173	116	112
673	174	115	111
673	174	115	111
672	174	115	112
672	175	114	111
672	175	114	111
672	175	114	111
671	175	114	110
672	176	113	109
673	176	112	109
674	176	113	108
675	176	112	108
675	176	112	109
674	176	113	108
673	175	113	109
669	170	118	114
669	169	119	115
669	170	118	113
670	170	116	113
670	171	117	112
671	171	117	112
671	171	117	111
672	170	117	112
673	171	115	111
673	171	114	111
673	171	115	110
673	172	114	109
674	172	115	109
675	172	114	108
676	172	114	107
678	172	113	107
678	172	113	107
678	173	113	107
678	172	113	109
677	171	115	109
673	167	120	116
672	167	120	116
672	167	120	116
672	167	120	116
672	167	119	116
671	167	120	116
671	168	117	115
671	169	118	115
671	169	117	114
671	169	119	115
672	169	117	113
673	170	116	112
673	170	117	112
674	171	116	112
674	171	116	110
674	171	115	110
675	170	115	110
676	171	114	109
676	171	115	110
676	172	115	109
672	168	120	115
672	167	120	116
670	166	120	117
670	167	122	116
670	167	123	116
669	168	122	116
670	168	121	115
670	167	121	115
671	168	119	115
673	167	120	115
673	168	119	115
673	168	119	115
672	168	119	115
672	169	118	114
673	170	116	113
673	170	116	112
673	170	116	111
673	170	115	112
672	171	116	111
673	171	115	111
670	168	120	116
667	166	121	119
665	165	122	119
666	167	122	116
665	166	123	119
665	165	123	119
666	166	121	118
668	167	120	115
668	167	120	116
668	167	120	115
668	168	119	116
668	168	119	116
668	168	120	115
668	168	119	114
668	169	118	114
668	169	119	114
669	169	117	113
669	169	117	112
670	170	117	111
670	170	116	111
672	169	115	111
671	169	116	111
672	168	118	113
668	165	121	116
667	163	121	118
667	164	122	118
667	163	122	118
666	163	122	119
667	163	122	118
668	164	120	116
670	165	121	115
670	165	121	114
