570	230	130	125
583	240	114	113
583	240	113	111
583	240	113	111
585	242	110	111
582	242	111	111
585	243	108	110
585	240	109	109
587	239	108	109
589	238	107	107
593	236	106	108
595	235	105	108
597	235	105	106
599	236	106	105
601	236	106	104
602	235	106	105
603	233	106	105
602	231	107	106
598	229	113	109
597	225	116	115
598	225	115	115
600	226	114	115
600	226	115	114
600	226	115	115
601	225	116	115
603	225	116	114
605	226	115	113
607	226	114	113
607	226	114	113
609	227	113	113
610	229	110	109
612	229	109	110
611	230	108	109
611	230	109	108
611	230	109	108
613	232	109	107
613	231	108	107
614	231	108	107
613	232	110	107
611	228	112	109
607	226	115	113
606	225	117	116
607	225	115	115
606	227	116	115
606	226	116	114
607	227	116	113
607	228	116	112
609	229	114	113
610	229	114	112
612	230	112	111
612	230	112	111
612	231	110	110
611	232	113	110
611	232	111	109
610	232	112	110
612	232	110	108
613	233	110	108
613	234	110	108
615	235	108	106
616	234	107	106
614	233	110	107
613	233	112	109
611	230	113	111
606	227	117	114
605	226	116	115
604	226	118	115
606	227	116	114
606	228	115	113
605	229	114	113
607	230	113	113
607	230	113	112
608	230	113	113
608	230	113	113
609	231	113	112
608	231	113	112
608	232	112	111
609	232	111	111
608	232	111	111
609	233	110	110
609	234	111	109
609	233	110	109
609	234	111	108
611	233	109	109
612	233	108	109
611	232	109	109
611	232	109	110
608	230	112	111
606	229	115	112
605	227	116	115
603	225	118	116
605	225	116	115
605	225	115	114
607	226	114	114
606	225	117	113
608	226	116	113
609	226	115	111
612	227	113	110
612	226	113	111
613	227	111	110
612	227	112	109
614	228	110	108
615	228	108	108
615	227	109	108
615	227	110	108
616	228	110	107
617	227	108	107
616	228	109	107
617	228	108	107
615	228	110	107
614	227	113	108
612	225	114	111
607	223	119	114
607	223	119	115
607	224	118	114
607	224	117	115
609	224	115	114
610	225	114	113
611	226	114	112
611	226	115	113
611	227	115	112
612	227	113	111
614	228	111	110
613	228	111	110
613	228	111	109
614	229	110	107
614	230	110	107
615	230	109	108
617	231	107	107
616	231	108	107
617	231	107	106
618	231	107	107
617	231	108	107
616	230	109	108
610	226	116	112
610	226	116	115
611	226	116	115
610	227	116	114
610	229	115	113
610	228	116	113
612	229	115	113
613	229	115	113
615	230	113	112
616	229	112	112
616	230	112	111
615	231	111	111
616	231	110	111
615	231	111	111
613	230	113	111
615	230	113	110
615	230	112	110
616	230	110	109
616	230	110	108
617	230	109	108
617	230	110	108
617	229	110	108
618	230	110	109
610	227	114	113
607	227	117	114
600	227	117	116
596	230	118	115
593	230	119	117
591	231	119	117
593	233	117	116
592	234	117	116
593	234	116	115
592	234	117	116
593	236	116	115
593	237	116	115
590	239	113	113
586	241	113	113
585	242	113	113
586	244	112	113
586	245	111	111
588	247	112	111
593	248	111	110
594	248	112	109
596	248	111	109
599	249	110	108
601	250	110	108
602	251	108	107
598	243	118	115
594	243	117	115
594	243	117	114
595	243	114	114
595	243	114	115
596	244	116	114
597	245	115	114
598	245	115	113
599	245	114	112
598	244	116	113
598	245	116	113
599	245	115	111
599	245	115	112
600	246	112	111
601	246	112	109
602	247	112	108
603	247	111	108
604	245	110	109
605	246	111	107
608	244	108	106
607	243	109	107
610	243	108	106
610	243	108	105
611	242	108	105
609	238	111	109
607	235	114	111
602	232	118	114
602	231	118	114
605	231	116	113
605	231	116	113
610	229	114	112
610	229	115	112
612	228	114	113
613	228	114	111
614	227	113	112
614	227	113	111
615	227	112	110
615	227	111	109
616	227	111	109
617	229	109	107
617	228	109	108
617	228	109	107
619	229	108	105
619	229	108	106
620	229	108	105
619	229	108	105
619	228	109	106
617	228	111	106
615	224	115	112
615	224	115	112
613	223	116	114
613	223	117	114
613	223	116	113
613	223	116	113
615	223	115	112
616	224	114	111
616	223	114	112
617	223	113	112
618	224	113	111
618	224	113	112
620	225	110	109
620	227	109	107
621	227	110	107
621	228	111	107
621	227	111	108
622	227	109	107
622	228	110	106
623	228	109	106
622	229	110	105
623	228	110	106
622	228	110	107
621	225	113	109
617	221	118	115
616	221	118	116
617	221	118	117
617	221	117	116
618	222	116	115
619	223	114	113
620	223	112	113
621	223	113	112
620	224	113	111
620	224	113	111
620	225	115	110
621	224	114	110
622	225	113	111
622	224	112	111
622	224	111	111
623	224	110	110
623	225	111	109
625	226	109	108
626	227	109	106
626	227	110	106
625	226	110	106
623	223	114	111
620	220	116	115
620	220	117	116
620	218	118	117
620	219	118	115
621	220	116	115
620	220	117	114
622	220	115	115
623	220	115	115
624	220	115	114
624	220	116	114
626	220	114	113
625	220	113	113
626	220	112	112
626	222	112	111
627	222	112	110
627	222	111	110
628	222	111	109
629	222	110	109
630	223	109	108
630	223	110	108
630	224	110	108
631	224	109	107
630	224	111	108
630	223	111	108
630	221	113	111
626	217	118	116
626	218	118	116
626	219	117	115
629	219	117	115
629	219	116	115
629	219	117	115
630	220	116	114
631	220	116	114
631	221	115	113
630	222	115	112
631	222	115	112
631	222	115	112
632	222	113	111
633	223	111	110
634	223	110	110
636	223	109	110
635	224	111	110
636	224	111	110
636	224	111	109
636	224	111	109
636	224	110	109
633	221	115	113
631	219	117	116
628	218	119	115
628	218	119	117
629	219	118	116
629	219	118	117
628	219	118	116
629	219	118	117
631	222	115	113
629	220	118	115
631	223	116	112
632	224	115	112
631	223	114	112
631	224	114	111
632	225	113	110
634	226	111	109
634	226	111	109
635	226	110	107
635	226	110	107
636	226	109	107
636	227	109	107
636	227	109	108
634	225	113	110
631	223	114	112
626	221	119	115
626	222	119	115
626	222	118	115
627	223	117	114
626	223	116	114
627	224	115	114
629	224	114	113
629	223	114	113
629	222	115	113
630	224	113	111
629	225	113	110
629	225	113	110
629	225	113	110
630	225	112	111
629	225	111	111
629	226	112	109
631	226	110	108
631	226	111	107
631	225	110	107
632	225	109	107
631	225	111	107
630	223	112	109
627	220	117	113
627	219	118	114
627	219	117	113
628	219	115	114
629	219	115	114
630	219	115	113
631	219	113	112
630	219	115	112
631	219	115	111
632	219	114	112
632	219	114	112
634	219	113	112
635	220	112	111
634	220	112	110
634	220	112	110
634	221	112	109
635	221	112	108
635	222	112	108
635	221	112	108
637	222	112	107
638	221	111	108
639	221	111	107
639	221	110	107
639	221	111	108
635	215	118	116
635	216	118	114
636	217	116	114
636	217	116	114
636	217	117	114
637	217	116	112
637	218	116	111
638	218	115	112
639	218	115	110
640	218	114	111
640	218	113	111
641	220	112	110
641	220	112	110
642	220	111	110
641	221	112	108
642	221	112	107
642	221	112	108
642	222	112	108
643	221	111	108
644	222	110	106
645	223	109	106
646	223	110	107
645	223	110	106
643	221	113	108
643	219	116	112
641	218	118	113
639	216	119	116
638	216	120	116
638	216	120	115
639	217	118	114
640	219	117	112
641	219	115	111
641	220	115	110
641	220	115	110
641	221	114	110
641	221	113	109
641	222	113	108
642	223	111	108
642	223	111	107
643	223	110	106
644	223	110	107
645	223	109	106
644	224	110	106
645	224	110	105
644	224	110	106
645	225	109	104
644	223	111	107
642	221	114	109
641	219	116	112
640	218	116	113
640	218	115	113
640	219	115	113
641	218	114	113
641	221	115	111
641	220	115	111
641	220	115	110
641	219	115	111
643	219	113	110
642	220	113	109
643	220	113	109
643	222	111	106
645	222	109	106
646	221	109	105
645	221	109	105
646	221	110	105
646	221	109	104
646	221	109	104
647	222	109	104
647	222	109	103
646	221	113	106
646	218	113	108
644	214	116	113
644	214	116	114
645	215	116	113
645	215	117	112
646	215	116	112
646	216	117	111
648	217	115	110
649	217	115	110
650	216	114	110
652	217	113	109
652	216	113	110
652	217	113	109
653	218	112	109
653	218	112	108
654	219	112	107
655	219	110	106
655	220	111	106
656	219	110	106
657	220	110	105
658	219	109	106
658	219	111	108
657	216	113	110
655	214	116	112
656	214	116	113
656	214	116	112
658	214	115	112
658	215	114	112
658	215	114	112
659	216	112	110
659	216	113	111
659	215	112	111
659	216	111	110
660	216	111	110
660	218	110	108
660	218	110	108
661	219	110	106
661	220	109	106
661	221	109	105
661	220	110	106
662	221	108	105
662	221	108	104
662	220	109	105
659	218	112	109
658	217	115	109
656	216	116	112
657	215	116	111
657	216	115	111
657	216	114	111
658	217	113	110
657	217	113	110
656	216	113	111
658	218	112	109
658	218	112	109
657	218	112	109
658	218	111	110
658	218	110	108
658	219	109	107
660	219	110	106
659	219	110	107
661	220	109	106
662	220	108	105
661	220	109	104
660	216	112	108
659	214	114	110
657	214	116	111
658	214	116	111
657	213	115	111
658	214	114	110
658	213	114	110
657	212	114	112
659	214	112	110
660	213	112	111
664	213	110	108
664	212	110	109
664	212	110	109
663	212	110	108
664	213	109	106
665	213	109	105
666	214	109	105
669	214	105	103
670	214	106	104
670	214	106	104
670	214	106	104
666	211	113	108
664	208	114	110
664	208	115	111
664	208	115	112
664	208	114	110
665	209	114	111
666	210	113	109
667	209	112	108
668	210	112	109
667	210	113	109
668	210	111	109
668	210	110	108
668	210	110	107
669	211	109	107
668	211	109	107
669	213	108	105
670	213	107	104
670	214	107	104
670	213	108	104
671	214	107	104
672	213	106	104
672	214	106	103
671	213	108	104
669	212	110	107
667	208	113	110
666	208	116	111
664	207	115	111
664	208	115	111
664	207	116	112
665	208	114	111
666	208	114	110
665	208	114	111
664	208	115	111
665	209	114	109
664	210	114	109
664	210	112	108
665	211	111	108
666	210	110	109
666	211	109	108
667	211	109	106
667	213	109	105
667	212	109	106
667	212	109	106
667	212	108	106
667	211	109	107
666	211	110	108
663	209	113	111
660	206	117	113
659	207	117	112
660	208	116	112
660	208	116	112
660	208	116	113
661	209	115	111
663	209	113	111
663	208	113	110
663	208	113	111
664	210	112	108
663	209	113	109
663	209	113	109
664	209	111	108
665	208	111	109
666	209	111	107
666	209	111	108
666	209	111	108
667	209	112	107
667	209	112	107
666	207	114	109
666	204	115	112
662	202	119	114
662	201	120	115
662	200	119	115
661	201	118	115
661	201	118	114
662	201	118	114
663	201	118	114
664	202	117	112
665	202	117	112
666	202	116	112
667	202	115	111
667	202	114	111
667	203	114	111
667	202	115	111
667	203	114	110
667	202	114	109
668	203	113	108
669	204	112	108
672	204	111	108
672	203	112	108
671	200	114	112
668	197	120	115
667	195	121	116
667	195	119	116
668	195	119	117
669	196	118	115
670	196	117	116
670	196	117	115
670	196	118	115
670	196	118	115
671	196	117	114
672	196	116	115
673	197	116	114
672	198	117	112
672	199	117	112
672	198	115	113
673	199	115	111
672	199	116	111
673	199	115	111
674	200	114	110
675	201	114	109
675	202	114	108
675	202	114	109
674	201	114	109
674	200	115	110
672	198	117	113
669	195	120	115
669	194	120	117
671	197	117	114
673	198	116	112
673	198	116	112
672	198	117	113
674	199	115	112
674	200	115	111
673	199	115	112
673	199	115	112
672	199	115	112
672	199	114	111
674	199	113	111
674	200	113	110
675	200	112	110
675	200	113	110
675	200	113	110
675	200	112	109
676	201	112	109
675	199	114	111
674	197	116	113
673	196	117	114
671	194	118	115
672	194	119	115
671	194	119	114
672	194	119	114
672	194	117	115
673	194	116	115
671	194	118	115
673	195	117	113
675	196	116	112
675	197	116	111
675	196	116	110
674	196	116	110
675	196	115	110
676	196	114	109
676	196	115	109
677	197	114	109
678	196	114	109
678	196	114	110
678	195	113	110
678	193	116	112
676	191	118	114
673	190	120	116
671	191	122	116
672	191	120	116
672	191	119	116
671	192	120	115
671	192	120	116
672	193	119	114
672	193	118	114
673	194	118	113
673	193	117	114
674	194	117	114
674	195	116	113
673	195	115	112
672	195	116	113
672	196	114	111
674	196	114	111
674	196	114	110
673	196	114	110
673	197	114	110
674	197	113	109
670	194	119	112
668	193	120	114
667	192	120	115
668	192	119	115
667	192	121	113
667	192	119	114
667	193	119	114
668	192	117	114
667	193	117	113
667	193	117	112
668	193	117	112
667	193	117	112
666	194	119	111
667	194	118	110
667	194	117	112
667	194	116	110
668	194	115	110
667	195	115	109
667	194	114	110
669	194	113	110
669	195	113	109
669	195	113	109
670	195	112	109
670	196	112	108
670	195	112	109
665	191	117	112
664	190	117	112
664	190	118	113
665	189	116	113
665	189	115	112
665	189	116	113
665	188	115	113
666	187	115	112
665	187	114	113
666	187	115	112
667	189	114	110
667	189	113	110
667	189	114	109
668	189	112	109
669	190	112	108
669	190	113	107
670	190	112	107
670	191	112	106
671	191	111	106
673	191	110	106
673	191	110	106
672	189	111	108
668	187	116	112
667	184	119	115
667	184	119	115
666	184	118	115
665	184	118	115
665	184	118	115
666	184	116	114
665	187	118	112
666	186	117	112
666	187	116	111
666	187	116	112
665	187	116	111
666	188	114	110
667	189	113	109
668	189	112	109
668	189	113	108
669	189	113	107
669	190	112	107
670	190	111	108
672	191	111	108
673	191	111	107
672	189	112	109
670	188	115	110
667	184	119	114
667	184	120	114
666	184	119	115
667	184	119	114
666	184	118	114
666	183	119	115
666	182	117	115
667	182	117	114
666	182	119	113
668	183	117	113
667	184	116	112
666	184	117	111
666	186	116	110
667	186	114	109
667	186	115	110
667	187	114	109
667	187	115	108
666	188	115	107
667	188	114	107
669	189	113	106
669	189	113	107
667	185	116	112
666	184	118	113
664	183	120	114
663	183	120	113
663	183	121	114
663	183	120	114
663	185	119	113
663	184	119	113
664	184	118	111
665	183	116	112
665	183	116	112
665	183	116	111
666	184	116	111
666	184	115	111
666	184	114	111
667	185	114	110
668	185	114	109
668	186	113	109
668	187	113	107
669	186	113	107
670	186	112	108
671	186	111	108
671	186	111	108
672	186	111	107
670	183	115	111
669	182	116	112
669	182	117	112
668	181	116	112
668	180	116	111
669	181	117	111
669	180	117	111
669	181	117	110
670	182	116	110
671	182	115	110
671	182	114	110
671	182	114	110
672	182	114	110
672	183	114	108
673	184	113	106
673	183	113	107
673	184	113	106
674	184	112	105
674	184	111	106
675	184	111	105
675	184	110	104
674	184	111	104
674	183	113	107
671	179	118	110
670	179	119	111
670	180	118	111
670	180	118	111
669	179	119	112
669	178	119	112
669	178	120	112
671	180	117	110
672	179	116	111
672	180	116	110
672	180	116	109
673	181	115	107
672	181	115	107
673	182	115	107
673	183	114	106
673	182	114	106
674	182	113	106
675	182	113	106
675	182	112	107
676	182	112	106
675	182	114	106
673	179	117	110
672	179	119	111
670	179	119	111
669	177	120	113
669	178	120	113
670	177	120	114
670	178	120	113
670	178	119	113
670	177	119	113
670	178	119	112
670	178	118	113
670	178	118	112
670	179	117	110
670	180	116	110
669	181	116	110
669	181	116	109
669	181	116	108
670	181	115	108
671	181	114	108
671	182	113	107
672	183	113	108
669	180	117	111
666	179	119	113
665	178	119	114
665	178	120	114
665	178	120	114
665	178	120	114
666	178	120	114
667	178	119	112
668	178	117	112
668	178	118	112
668	178	118	111
669	178	117	110
669	179	117	110
669	178	117	111
671	179	116	110
671	178	115	109
672	179	116	109
672	179	114	109
673	178	114	109
674	179	114	108
675	180	114	107
675	180	113	106
675	180	113	107
675	179	114	108
674	177	116	110
671	174	120	114
670	174	119	114
670	173	120	114
670	174	119	112
672	173	117	113
672	174	118	113
673	174	118	112
675	174	117	113
675	175	117	111
675	175	117	112
676	175	116	110
676	175	116	110
676	175	115	110
676	176	115	109
677	176	114	108
678	177	113	107
679	177	112	107
679	178	112	106
680	179	111	106
679	178	111	106
678	177	114	109
675	173	120	114
674	172	119	115
672	172	120	115
672	173	120	114
672	172	119	115
673	173	119	115
674	174	119	113
675	174	117	112
675	174	117	112
675	174	116	111
676	174	116	111
676	175	116	111
676	176	114	108
676	177	112	106
676	178	112	107
678	178	111	107
678	177	111	107
679	178	111	107
678	178	111	107
675	177	114	110
673	175	117	113
671	173	119	115
670	173	119	114
671	173	119	114
670	173	118	114
671	174	117	113
672	173	116	113
673	174	115	112
673	173	115	112
673	174	114	111
673	174	115	111
672	175	115	112
672	175	114	111
672	175	114	111
672	176	114	110
672	175	114	110
672	176	114	109
673	176	113	109
674	177	113	108
675	176	112	108
675	176	111	108
674	176	113	108
673	175	114	109
669	170	117	115
669	169	119	115
669	170	118	114
670	170	116	113
670	171	117	112
670	172	117	112
671	171	117	111
672	171	116	112
673	171	114	111
673	171	114	110
673	172	115	111
673	172	115	109
674	172	115	109
675	172	114	108
676	172	114	107
677	172	114	107
678	172	113	107
678	173	113	107
678	172	113	109
678	171	114	110
673	167	120	115
672	166	120	116
672	166	120	116
671	167	120	116
672	168	119	116
671	167	121	116
672	169	117	115
671	169	119	114
671	169	118	115
672	169	117	114
672	170	117	113
673	170	116	112
673	170	117	112
673	171	117	111
674	171	116	110
674	172	115	110
675	171	115	110
676	172	114	109
675	171	116	110
675	172	115	109
672	168	120	115
672	166	120	117
670	166	120	117
670	167	122	116
670	167	123	116
670	168	122	116
670	168	120	115
670	167	121	115
671	168	119	115
673	167	119	115
673	167	119	116
673	168	119	115
673	169	118	114
672	169	118	114
672	170	117	112
673	170	116	112
672	170	116	111
672	171	115	111
672	171	116	110
673	170	115	111
669	168	120	116
667	165	121	119
665	166	122	117
665	166	122	118
664	165	123	119
664	165	123	119
666	166	121	118
668	167	120	116
668	167	119	116
668	167	120	115
668	167	119	116
668	168	120	115
667	168	120	115
667	168	119	114
668	169	118	114
668	169	119	114
669	169	117	113
669	169	117	113
670	170	116	112
670	169	115	112
672	169	115	112
672	169	115	111
672	168	118	113
667	164	121	117
667	164	121	118
667	164	122	118
666	163	122	118
666	163	122	119
666	163	122	118
667	164	122	117
670	165	120	115
670	165	121	114
